n = 37
similarities = [0 -403 432 256 304 417 -388 -278 -57 60 489 380 -306 -348 -367 -279 354 -210 297 -119 205 -413 254 226 -61 378 -488 -323 -78 16 187 -166 41 124 -401 -171 -424; -403 0 -31 389 -359 358 -344 288 -67 -408 249 -98 424 129 454 108 248 32 139 439 426 16 -314 -63 -262 -6 -95 -376 233 357 379 337 319 -85 320 4 259; 432 -31 0 -250 -105 389 -56 461 471 -257 -488 -31 -34 -204 199 344 61 56 203 477 -218 46 -182 126 -348 -456 202 -283 190 335 237 -94 88 -144 -435 343 321; 256 389 -250 0 487 -303 -498 422 -489 -423 -450 55 481 -375 -172 180 -284 -15 -263 -408 -378 315 365 234 162 500 -478 89 372 101 -449 -336 188 101 -422 -99 -207; 304 -359 -105 487 0 27 476 -184 355 -230 144 271 -43 -325 376 419 317 -209 -114 -484 -188 69 448 467 447 300 145 -497 -278 -178 79 53 -2 12 311 196 143; 417 358 389 -303 27 0 -328 457 99 -117 284 171 153 98 145 331 317 74 -177 480 -100 377 243 -309 -242 23 -188 160 -97 -53 67 -454 207 8 439 278 -139; -388 -344 -56 -498 476 -328 0 -28 -84 -473 -170 -233 364 70 -185 403 -205 -70 -150 -60 -100 -31 -131 -76 489 68 324 305 -48 112 -34 -52 -345 -497 -349 -334 -151; -278 288 461 422 -184 457 -28 0 -332 252 375 185 104 498 -225 -364 11 326 285 -326 194 -262 -455 -397 370 130 177 268 370 366 186 -330 -209 -457 -234 155 296; -57 -67 471 -489 355 99 -84 -332 0 -237 -486 269 357 -321 -447 -160 -393 229 -85 145 406 89 -442 -374 -34 195 -478 249 370 329 260 198 -324 322 -190 -336 -28; 60 -408 -257 -423 -230 -117 -473 252 -237 0 -74 -423 -52 320 -43 -280 228 210 -429 -198 205 -486 306 101 -4 107 331 304 -142 328 482 -193 -389 257 -292 -105 159; 489 249 -488 -450 144 284 -170 375 -486 -74 0 -498 -102 483 172 -284 -471 -39 28 -16 -233 460 434 336 78 -20 -281 -371 -482 439 40 -226 161 -361 -234 -154 -56; 380 -98 -31 55 271 171 -233 185 269 -423 -498 0 187 54 444 482 -417 -64 400 -400 50 -442 -95 -35 406 211 90 -182 108 53 -215 307 -337 455 -384 -438 134; -306 424 -34 481 -43 153 364 104 357 -52 -102 187 0 -19 -294 -183 179 -91 95 -132 321 333 40 441 -59 185 290 353 -264 -218 -393 -241 -454 -446 -95 43 287; -348 129 -204 -375 -325 98 70 498 -321 320 483 54 -19 0 17 170 46 109 202 -143 364 -309 173 -132 200 165 -186 -249 369 -149 -366 -451 -34 434 113 -70 420; -367 454 199 -172 376 145 -185 -225 -447 -43 172 444 -294 17 0 -310 36 -345 -154 -410 244 -465 40 -485 433 331 37 -84 -107 -364 495 -99 486 345 -497 429 190; -279 108 344 180 419 331 403 -364 -160 -280 -284 482 -183 170 -310 0 -89 -433 -181 235 -390 -345 387 -225 423 -40 173 -223 -482 -315 499 -127 -170 -356 -281 -34 41; 354 248 61 -284 317 317 -205 11 -393 228 -471 -417 179 46 36 -89 0 -143 347 28 -402 474 -289 391 -380 -122 -362 -234 -474 1 -277 32 380 245 404 -442 386; -210 32 56 -15 -209 74 -70 326 229 210 -39 -64 -91 109 -345 -433 -143 0 -420 -197 123 65 384 -357 466 -301 199 43 298 -251 -197 -487 389 387 292 245 -150; 297 139 203 -263 -114 -177 -150 285 -85 -429 28 400 95 202 -154 -181 347 -420 0 193 -194 -423 323 144 -273 -171 424 74 430 20 312 -326 -434 -254 -194 -345 114; -119 439 477 -408 -484 480 -60 -326 145 -198 -16 -400 -132 -143 -410 235 28 -197 193 0 -259 170 -433 -342 488 -181 38 -184 -407 422 215 259 114 -2 281 422 -481; 205 426 -218 -378 -188 -100 -100 194 406 205 -233 50 321 364 244 -390 -402 123 -194 -259 0 -199 -484 -372 357 488 404 36 190 -97 -115 -247 -320 -134 60 140 369; -413 16 46 315 69 377 -31 -262 89 -486 460 -442 333 -309 -465 -345 474 65 -423 170 -199 0 216 209 -469 422 -496 -77 -20 -202 64 364 303 289 67 -372 392; 254 -314 -182 365 448 243 -131 -455 -442 306 434 -95 40 173 40 387 -289 384 323 -433 -484 216 0 87 126 187 460 -288 459 24 -160 -462 59 -369 -277 -14 27; 226 -63 126 234 467 -309 -76 -397 -374 101 336 -35 441 -132 -485 -225 391 -357 144 -342 -372 209 87 0 -65 -77 -29 -120 248 -474 -286 282 462 -186 30 64 -305; -61 -262 -348 162 447 -242 489 370 -34 -4 78 406 -59 200 433 423 -380 466 -273 488 357 -469 126 -65 0 119 -261 -50 320 442 -97 464 313 -481 155 -89 220; 378 -6 -456 500 300 23 68 130 195 107 -20 211 185 165 331 -40 -122 -301 -171 -181 488 422 187 -77 119 0 -102 -161 198 362 35 465 -322 500 -463 -474 -420; -488 -95 202 -478 145 -188 324 177 -478 331 -281 90 290 -186 37 173 -362 199 424 38 404 -496 460 -29 -261 -102 0 491 150 -397 453 389 -15 -491 13 -449 -48; -323 -376 -283 89 -497 160 305 268 249 304 -371 -182 353 -249 -84 -223 -234 43 74 -184 36 -77 -288 -120 -50 -161 491 0 -112 365 -334 -88 480 -484 -315 -46 -124; -78 233 190 372 -278 -97 -48 370 370 -142 -482 108 -264 369 -107 -482 -474 298 430 -407 190 -20 459 248 320 198 150 -112 0 365 231 -452 191 95 -384 -279 -48; 16 357 335 101 -178 -53 112 366 329 328 439 53 -218 -149 -364 -315 1 -251 20 422 -97 -202 24 -474 442 362 -397 365 365 0 -409 363 -233 89 -433 412 459; 187 379 237 -449 79 67 -34 186 260 482 40 -215 -393 -366 495 499 -277 -197 312 215 -115 64 -160 -286 -97 35 453 -334 231 -409 0 6 355 388 -247 438 78; -166 337 -94 -336 53 -454 -52 -330 198 -193 -226 307 -241 -451 -99 -127 32 -487 -326 259 -247 364 -462 282 464 465 389 -88 -452 363 6 0 -21 -27 -482 23 -2; 41 319 88 188 -2 207 -345 -209 -324 -389 161 -337 -454 -34 486 -170 380 389 -434 114 -320 303 59 462 313 -322 -15 480 191 -233 355 -21 0 207 -361 -217 -275; 124 -85 -144 101 12 8 -497 -457 322 257 -361 455 -446 434 345 -356 245 387 -254 -2 -134 289 -369 -186 -481 500 -491 -484 95 89 388 -27 207 0 411 479 285; -401 320 -435 -422 311 439 -349 -234 -190 -292 -234 -384 -95 113 -497 -281 404 292 -194 281 60 67 -277 30 155 -463 13 -315 -384 -433 -247 -482 -361 411 0 112 398; -171 4 343 -99 196 278 -334 155 -336 -105 -154 -438 43 -70 429 -34 -442 245 -345 422 140 -372 -14 64 -89 -474 -449 -46 -279 412 438 23 -217 479 112 0 -242; -424 259 321 -207 143 -139 -151 296 -28 159 -56 134 287 420 190 41 386 -150 114 -481 369 392 27 -305 220 -420 -48 -124 -48 459 78 -2 -275 285 398 -242 0]
