n = 34
similarities = [0 -74 -18 210 -299 207 87 -131 -326 262 -147 -182 310 366 -494 -380 111 -1 -342 -80 124 115 392 137 -273 -487 315 359 -403 -303 142 -61 -363 24; -74 0 -442 164 260 -219 49 -266 443 -71 -364 33 239 306 -157 -328 -239 353 -473 -415 46 444 -476 351 466 -422 -311 -282 -363 -490 -104 -377 -64 -256; -18 -442 0 -235 -99 -158 461 266 396 205 488 -6 174 275 379 444 373 -193 198 -301 -184 -498 -365 436 299 -289 -46 331 462 -282 399 -361 -394 222; 210 164 -235 0 -161 -71 -226 20 -282 480 -447 -54 -14 157 53 260 72 355 -349 -389 -387 59 5 63 52 119 -175 235 88 265 -129 -472 24 -354; -299 260 -99 -161 0 -467 0 191 -248 -351 -430 -424 470 -335 241 -461 -371 -40 183 496 -330 25 -407 305 289 -38 103 154 -110 -268 473 -465 -249 -157; 207 -219 -158 -71 -467 0 -100 -316 -214 16 285 -223 -188 166 -284 116 445 192 -420 124 -129 159 -48 -159 121 12 167 -267 301 313 -419 443 119 183; 87 49 461 -226 0 -100 0 453 -52 463 0 0 -423 -382 440 -82 281 457 119 87 137 152 372 -334 219 -492 242 398 -115 -256 483 -5 164 -395; -131 -266 266 20 191 -316 453 0 -257 -270 -188 -478 151 -118 -79 -161 472 240 -328 260 176 -236 495 -117 314 -19 -494 -426 -220 -98 438 -465 330 -41; -326 443 396 -282 -248 -214 -52 -257 0 -226 384 336 419 434 -364 -257 408 -440 -22 -481 111 -299 -261 450 -351 -71 146 -346 -389 154 173 68 179 471; 262 -71 205 480 -351 16 463 -270 -226 0 -4 209 402 -301 81 -159 -77 -426 -16 -115 -322 -446 -422 -124 -72 108 400 447 284 -170 206 463 -64 -405; -147 -364 488 -447 -430 285 0 -188 384 -4 0 172 -363 -280 -90 -19 298 128 56 -398 -187 162 -273 244 223 388 471 296 -356 378 430 -189 -152 273; -182 33 -6 -54 -424 -223 0 -478 336 209 172 0 -213 -177 426 203 328 407 131 -63 40 -89 60 334 -492 -99 -478 -440 419 14 4 389 -309 -237; 310 239 174 -14 470 -188 -423 151 419 402 -363 -213 0 249 400 -8 469 129 23 159 -467 334 -162 76 -124 -211 -289 -143 111 418 392 -369 -227 -301; 366 306 275 157 -335 166 -382 -118 434 -301 -280 -177 249 0 230 -250 -435 224 248 448 11 -334 243 158 162 -108 192 -467 -293 -203 255 -83 -176 386; -494 -157 379 53 241 -284 440 -79 -364 81 -90 426 400 230 0 128 -54 478 -188 -148 -153 -499 197 312 -443 -469 314 437 397 -121 -262 464 419 -461; -380 -328 444 260 -461 116 -82 -161 -257 -159 -19 203 -8 -250 128 0 314 -494 128 42 202 -238 -123 147 -61 313 -9 -68 -32 -204 -107 76 4 -437; 111 -239 373 72 -371 445 281 472 408 -77 298 328 469 -435 -54 314 0 -497 393 -209 -326 460 217 -430 471 -177 -92 -250 224 -450 -487 207 231 280; -1 353 -193 355 -40 192 457 240 -440 -426 128 407 129 224 478 -494 -497 0 -250 -184 -361 -366 -16 113 -178 87 -25 -171 176 -50 -269 387 -49 392; -342 -473 198 -349 183 -420 119 -328 -22 -16 56 131 23 248 -188 128 393 -250 0 483 -89 45 -86 325 -314 156 56 -161 -55 -120 397 38 -262 -187; -80 -415 -301 -389 496 124 87 260 -481 -115 -398 -63 159 448 -148 42 -209 -184 483 0 -282 273 -171 -118 -395 -477 487 -36 -273 208 12 394 62 498; 124 46 -184 -387 -330 -129 137 176 111 -322 -187 40 -467 11 -153 202 -326 -361 -89 -282 0 -482 -43 222 340 -211 -434 -257 309 252 -208 -365 -475 -208; 115 444 -498 59 25 159 152 -236 -299 -446 162 -89 334 -334 -499 -238 460 -366 45 273 -482 0 -205 391 79 -469 -262 -252 -210 433 -254 -352 -182 423; 392 -476 -365 5 -407 -48 372 495 -261 -422 -273 60 -162 243 197 -123 217 -16 -86 -171 -43 -205 0 -341 336 -261 50 411 83 371 447 -470 14 266; 137 351 436 63 305 -159 -334 -117 450 -124 244 334 76 158 312 147 -430 113 325 -118 222 391 -341 0 -373 240 222 334 149 101 80 222 -430 271; -273 466 299 52 289 121 219 314 -351 -72 223 -492 -124 162 -443 -61 471 -178 -314 -395 340 79 336 -373 0 -140 10 -495 345 -303 -87 46 -150 174; -487 -422 -289 119 -38 12 -492 -19 -71 108 388 -99 -211 -108 -469 313 -177 87 156 -477 -211 -469 -261 240 -140 0 491 261 12 87 -173 351 -319 369; 315 -311 -46 -175 103 167 242 -494 146 400 471 -478 -289 192 314 -9 -92 -25 56 487 -434 -262 50 222 10 491 0 -70 -306 -452 -143 -370 279 166; 359 -282 331 235 154 -267 398 -426 -346 447 296 -440 -143 -467 437 -68 -250 -171 -161 -36 -257 -252 411 334 -495 261 -70 0 -68 -414 361 -205 -279 -174; -403 -363 462 88 -110 301 -115 -220 -389 284 -356 419 111 -293 397 -32 224 176 -55 -273 309 -210 83 149 345 12 -306 -68 0 -446 -487 -400 -204 14; -303 -490 -282 265 -268 313 -256 -98 154 -170 378 14 418 -203 -121 -204 -450 -50 -120 208 252 433 371 101 -303 87 -452 -414 -446 0 18 131 -275 179; 142 -104 399 -129 473 -419 483 438 173 206 430 4 392 255 -262 -107 -487 -269 397 12 -208 -254 447 80 -87 -173 -143 361 -487 18 0 -461 -406 11; -61 -377 -361 -472 -465 443 -5 -465 68 463 -189 389 -369 -83 464 76 207 387 38 394 -365 -352 -470 222 46 351 -370 -205 -400 131 -461 0 -335 141; -363 -64 -394 24 -249 119 164 330 179 -64 -152 -309 -227 -176 419 4 231 -49 -262 62 -475 -182 14 -430 -150 -319 279 -279 -204 -275 -406 -335 0 34; 24 -256 222 -354 -157 183 -395 -41 471 -405 273 -237 -301 386 -461 -437 280 392 -187 498 -208 423 266 271 174 369 166 -174 14 179 11 141 34 0]
