n = 26
similarities = [0 -155 -362 421 187 262 -220 -49 -233 -48 136 -319 205 -392 133 319 -319 -191 447 450 -357 45 -456 138 470 301; -155 0 -379 406 264 -175 -85 -292 -200 428 -160 321 -316 385 294 -137 -52 278 266 -323 438 -50 94 81 213 336; -362 -379 0 -440 -271 394 128 436 -246 279 -182 171 -493 -266 490 -202 320 -228 60 203 -371 -416 -399 -443 404 287; 421 406 -440 0 -146 -370 -353 -57 -158 -351 -202 256 67 -498 349 335 -398 -457 276 -331 259 156 -470 105 -238 123; 187 264 -271 -146 0 -17 390 -136 151 -175 313 -196 103 -484 439 348 205 187 267 -326 -389 11 310 141 43 260; 262 -175 394 -370 -17 0 448 155 104 65 -355 158 -121 304 -173 167 227 474 -391 299 -470 -303 52 -143 74 -369; -220 -85 128 -353 390 448 0 416 140 384 -419 -169 -163 16 202 187 64 -430 391 -357 -196 -4 -343 472 230 101; -49 -292 436 -57 -136 155 416 0 -434 -229 295 -465 -466 -33 329 107 460 112 377 -312 451 313 481 120 -301 53; -233 -200 -246 -158 151 104 140 -434 0 -413 103 -84 -312 412 467 11 -229 196 95 -269 -57 -277 80 -300 116 -22; -48 428 279 -351 -175 65 384 -229 -413 0 -307 202 -463 331 -478 -163 370 -337 131 277 -173 -376 -189 422 -406 320; 136 -160 -182 -202 313 -355 -419 295 103 -307 0 321 -204 185 40 323 400 -398 -488 -322 170 405 -408 69 333 -194; -319 321 171 256 -196 158 -169 -465 -84 202 321 0 256 403 442 -97 -70 -370 108 265 -288 0 333 206 -53 -483; 205 -316 -493 67 103 -121 -163 -466 -312 -463 -204 256 0 324 -425 393 -340 381 -300 -205 66 -463 339 -290 -468 98; -392 385 -266 -498 -484 304 16 -33 412 331 185 403 324 0 -224 -12 482 -391 486 -257 -13 445 320 279 399 361; 133 294 490 349 439 -173 202 329 467 -478 40 442 -425 -224 0 292 -281 368 -29 341 178 183 247 -390 400 8; 319 -137 -202 335 348 167 187 107 11 -163 323 -97 393 -12 292 0 473 -410 384 -298 206 -248 180 330 171 -309; -319 -52 320 -398 205 227 64 460 -229 370 400 -70 -340 482 -281 473 0 25 33 290 -495 273 491 192 -278 -2; -191 278 -228 -457 187 474 -430 112 196 -337 -398 -370 381 -391 368 -410 25 0 344 167 192 122 130 453 -97 -457; 447 266 60 276 267 -391 391 377 95 131 -488 108 -300 486 -29 384 33 344 0 -285 -361 412 28 -372 -258 394; 450 -323 203 -331 -326 299 -357 -312 -269 277 -322 265 -205 -257 341 -298 290 167 -285 0 -214 381 89 286 92 10; -357 438 -371 259 -389 -470 -196 451 -57 -173 170 -288 66 -13 178 206 -495 192 -361 -214 0 -178 -403 -223 64 -343; 45 -50 -416 156 11 -303 -4 313 -277 -376 405 0 -463 445 183 -248 273 122 412 381 -178 0 461 -75 134 164; -456 94 -399 -470 310 52 -343 481 80 -189 -408 333 339 320 247 180 491 130 28 89 -403 461 0 66 -237 431; 138 81 -443 105 141 -143 472 120 -300 422 69 206 -290 279 -390 330 192 453 -372 286 -223 -75 66 0 -120 -294; 470 213 404 -238 43 74 230 -301 116 -406 333 -53 -468 399 400 171 -278 -97 -258 92 64 134 -237 -120 0 -56; 301 336 287 123 260 -369 101 53 -22 320 -194 -483 98 361 8 -309 -2 -457 394 10 -343 164 431 -294 -56 0]
