n = 10
similarities = [0 242 -479 -420 309 -403 -38 -115 81 -165; 242 0 -115 -311 343 -145 -254 -384 -349 -179; -479 -115 0 383 -169 -217 -171 100 -412 76; -420 -311 383 0 199 -323 147 -75 86 -46; 309 343 -169 199 0 -447 461 -167 313 -271; -403 -145 -217 -323 -447 0 30 -235 58 169; -38 -254 -171 147 461 30 0 -404 231 228; -115 -384 100 -75 -167 -235 -404 0 -130 -444; 81 -349 -412 86 313 58 231 -130 0 -172; -165 -179 76 -46 -271 169 228 -444 -172 0]
