n = 22
similarities = [0 -224 -397 -114 -106 -462 -155 69 -453 89 308 77 21 309 324 142 -426 -475 85 -361 -367 -203; -224 0 102 -285 144 -373 459 -317 235 186 -390 48 10 -71 -98 466 439 -131 9 310 44 -299; -397 102 0 -103 -314 -130 -493 124 -299 206 367 -222 26 -481 137 372 207 213 242 156 -288 -287; -114 -285 -103 0 -420 309 -30 -37 -346 74 -286 -24 -365 -39 -197 -456 210 106 -133 -229 453 102; -106 144 -314 -420 0 -236 178 401 -54 -160 6 277 114 -153 202 456 33 -415 -126 155 261 -420; -462 -373 -130 309 -236 0 109 -300 191 207 -115 -313 381 -33 242 -209 -330 -5 268 485 -430 -217; -155 459 -493 -30 178 109 0 -289 -204 -328 -124 46 462 211 332 495 -476 292 309 461 -422 -39; 69 -317 124 -37 401 -300 -289 0 -443 297 127 -128 -19 398 422 72 2 -226 373 -69 337 195; -453 235 -299 -346 -54 191 -204 -443 0 418 -493 -2 -300 -405 -141 363 251 442 -388 8 64 -102; 89 186 206 74 -160 207 -328 297 418 0 -410 -232 285 -302 -11 -19 -389 260 367 -41 -417 435; 308 -390 367 -286 6 -115 -124 127 -493 -410 0 -454 174 189 315 -399 -468 368 232 206 -130 76; 77 48 -222 -24 277 -313 46 -128 -2 -232 -454 0 329 -437 -464 389 286 -438 370 -84 475 399; 21 10 26 -365 114 381 462 -19 -300 285 174 329 0 -206 150 -352 -428 -21 -11 -452 353 258; 309 -71 -481 -39 -153 -33 211 398 -405 -302 189 -437 -206 0 -197 -127 66 -498 42 -270 -73 344; 324 -98 137 -197 202 242 332 422 -141 -11 315 -464 150 -197 0 -381 233 -23 -436 410 -219 -418; 142 466 372 -456 456 -209 495 72 363 -19 -399 389 -352 -127 -381 0 67 134 403 43 299 -205; -426 439 207 210 33 -330 -476 2 251 -389 -468 286 -428 66 233 67 0 -329 401 -29 -172 -101; -475 -131 213 106 -415 -5 292 -226 442 260 368 -438 -21 -498 -23 134 -329 0 45 72 393 75; 85 9 242 -133 -126 268 309 373 -388 367 232 370 -11 42 -436 403 401 45 0 237 199 134; -361 310 156 -229 155 485 461 -69 8 -41 206 -84 -452 -270 410 43 -29 72 237 0 71 265; -367 44 -288 453 261 -430 -422 337 64 -417 -130 475 353 -73 -219 299 -172 393 199 71 0 -478; -203 -299 -287 102 -420 -217 -39 195 -102 435 76 399 258 344 -418 -205 -101 75 134 265 -478 0]
