n = 21
similarities = [0 11 -102 -124 -141 101 199 -48 -82 217 -468 431 23 466 -314 -452 91 -2 81 153 -132; 11 0 -65 -449 -284 -53 150 367 -379 -110 430 416 -180 -168 -81 -163 336 -9 -477 430 -78; -102 -65 0 328 -218 62 180 164 -177 -363 -201 266 -484 -325 199 332 316 458 -222 223 314; -124 -449 328 0 22 229 437 -114 -439 -189 90 9 431 -468 -195 -31 491 -16 30 -499 73; -141 -284 -218 22 0 146 -111 -245 -328 -10 -175 -311 8 -84 225 -131 -493 419 -288 457 -477; 101 -53 62 229 146 0 -36 212 316 422 5 41 -322 -439 -424 70 -196 -354 3 109 275; 199 150 180 437 -111 -36 0 -401 290 469 388 -177 -296 -327 410 -292 283 -281 -390 364 -496; -48 367 164 -114 -245 212 -401 0 178 40 -14 -323 -255 360 76 -88 468 -396 66 34 14; -82 -379 -177 -439 -328 316 290 178 0 -26 -284 -6 122 425 475 5 349 206 -469 -148 -127; 217 -110 -363 -189 -10 422 469 40 -26 0 367 -58 -290 -373 394 -90 10 -347 -89 -371 -124; -468 430 -201 90 -175 5 388 -14 -284 367 0 -287 -465 226 -345 -484 -16 -315 -290 -63 -489; 431 416 266 9 -311 41 -177 -323 -6 -58 -287 0 -100 -302 -324 -332 154 -181 -246 87 -77; 23 -180 -484 431 8 -322 -296 -255 122 -290 -465 -100 0 392 141 -360 -200 -299 269 -154 178; 466 -168 -325 -468 -84 -439 -327 360 425 -373 226 -302 392 0 431 -87 5 -74 314 -353 -102; -314 -81 199 -195 225 -424 410 76 475 394 -345 -324 141 431 0 -470 -1 -213 -27 259 256; -452 -163 332 -31 -131 70 -292 -88 5 -90 -484 -332 -360 -87 -470 0 454 393 -104 -354 -208; 91 336 316 491 -493 -196 283 468 349 10 -16 154 -200 5 -1 454 0 -403 -175 -351 -122; -2 -9 458 -16 419 -354 -281 -396 206 -347 -315 -181 -299 -74 -213 393 -403 0 359 -199 498; 81 -477 -222 30 -288 3 -390 66 -469 -89 -290 -246 269 314 -27 -104 -175 359 0 -499 -268; 153 430 223 -499 457 109 364 34 -148 -371 -63 87 -154 -353 259 -354 -351 -199 -499 0 66; -132 -78 314 73 -477 275 -496 14 -127 -124 -489 -77 178 -102 256 -208 -122 498 -268 66 0]
