n = 20
similarities = [0 229 -24 -410 370 -307 -396 -367 -328 -218 -214 -135 206 -297 121 -341 92 440 477 163; 229 0 -244 331 49 365 283 -208 95 -389 366 311 -212 -379 204 413 74 185 -221 -245; -24 -244 0 -251 148 398 -478 60 477 188 -74 -190 482 497 164 277 -494 219 348 120; -410 331 -251 0 16 -52 264 109 -37 -94 -53 -19 85 -366 442 411 373 113 192 235; 370 49 148 16 0 -282 -155 -89 149 247 92 481 -32 -354 91 -204 399 -113 487 -401; -307 365 398 -52 -282 0 -376 -45 -56 -121 118 437 25 330 95 -243 -359 19 -422 -50; -396 283 -478 264 -155 -376 0 -488 88 74 345 9 -453 486 403 -180 245 -495 -235 360; -367 -208 60 109 -89 -45 -488 0 453 171 331 171 168 -395 -279 1 -425 -23 -134 78; -328 95 477 -37 149 -56 88 453 0 454 -161 -218 333 -109 -492 -8 3 -485 -489 -148; -218 -389 188 -94 247 -121 74 171 454 0 377 439 371 -395 239 373 -180 296 -340 -422; -214 366 -74 -53 92 118 345 331 -161 377 0 -10 182 192 -247 11 -460 362 -199 478; -135 311 -190 -19 481 437 9 171 -218 439 -10 0 123 184 479 31 -408 421 -352 -436; 206 -212 482 85 -32 25 -453 168 333 371 182 123 0 479 482 36 -135 -46 -167 229; -297 -379 497 -366 -354 330 486 -395 -109 -395 192 184 479 0 -229 -43 345 -156 -439 -203; 121 204 164 442 91 95 403 -279 -492 239 -247 479 482 -229 0 447 -492 -381 -310 -82; -341 413 277 411 -204 -243 -180 1 -8 373 11 31 36 -43 447 0 -371 -387 228 161; 92 74 -494 373 399 -359 245 -425 3 -180 -460 -408 -135 345 -492 -371 0 251 475 -201; 440 185 219 113 -113 19 -495 -23 -485 296 362 421 -46 -156 -381 -387 251 0 -59 -472; 477 -221 348 192 487 -422 -235 -134 -489 -340 -199 -352 -167 -439 -310 228 475 -59 0 -437; 163 -245 120 235 -401 -50 360 78 -148 -422 478 -436 229 -203 -82 161 -201 -472 -437 0]
