n = 25
similarities = [0 20 433 -348 31 -145 -49 148 204 431 64 216 155 121 175 -197 92 439 30 -387 -282 28 230 -115 412; 20 0 -142 191 -364 169 315 105 -188 -382 -177 -226 -241 276 -343 283 14 -169 -157 -38 -451 410 -229 231 -336; 433 -142 0 300 -472 -25 -10 -25 213 -164 450 292 -5 211 346 -18 186 -448 -64 -437 452 276 238 460 -66; -348 191 300 0 -374 108 -418 228 -5 486 -245 -165 125 -273 -133 152 -499 314 -55 -466 -246 -297 -57 442 -326; 31 -364 -472 -374 0 10 268 -231 55 163 67 219 -159 -492 305 477 100 -435 -199 265 187 176 -471 27 323; -145 169 -25 108 10 0 245 -439 338 346 420 434 8 305 -397 242 201 250 -172 8 -441 -144 172 -90 -32; -49 315 -10 -418 268 245 0 -407 -236 349 -283 488 -161 -46 465 135 -300 -65 131 263 217 -280 -31 -459 108; 148 105 -25 228 -231 -439 -407 0 -438 147 159 -253 -462 -230 296 186 -404 -114 200 464 443 -98 491 -69 258; 204 -188 213 -5 55 338 -236 -438 0 -273 125 5 -87 -492 -428 -154 -19 21 407 18 254 150 -361 -270 220; 431 -382 -164 486 163 346 349 147 -273 0 -244 64 106 215 -312 347 -329 132 24 -347 176 361 -378 155 -54; 64 -177 450 -245 67 420 -283 159 125 -244 0 -143 -331 449 -241 -323 119 219 449 -299 -231 -171 436 -162 -443; 216 -226 292 -165 219 434 488 -253 5 64 -143 0 -204 168 -293 -296 314 499 114 320 10 -145 -230 30 -358; 155 -241 -5 125 -159 8 -161 -462 -87 106 -331 -204 0 86 -114 99 456 -188 -127 -113 467 -30 -151 -273 129; 121 276 211 -273 -492 305 -46 -230 -492 215 449 168 86 0 -285 -340 220 -489 404 63 375 71 176 -228 -159; 175 -343 346 -133 305 -397 465 296 -428 -312 -241 -293 -114 -285 0 -16 483 309 -82 439 -80 486 153 -217 33; -197 283 -18 152 477 242 135 186 -154 347 -323 -296 99 -340 -16 0 157 -112 266 -216 -163 -249 344 -356 -392; 92 14 186 -499 100 201 -300 -404 -19 -329 119 314 456 220 483 157 0 -417 264 187 8 -312 -235 56 454; 439 -169 -448 314 -435 250 -65 -114 21 132 219 499 -188 -489 309 -112 -417 0 -329 32 -111 294 -483 102 -79; 30 -157 -64 -55 -199 -172 131 200 407 24 449 114 -127 404 -82 266 264 -329 0 -403 -98 294 177 -78 500; -387 -38 -437 -466 265 8 263 464 18 -347 -299 320 -113 63 439 -216 187 32 -403 0 255 138 248 384 -494; -282 -451 452 -246 187 -441 217 443 254 176 -231 10 467 375 -80 -163 8 -111 -98 255 0 64 305 -143 112; 28 410 276 -297 176 -144 -280 -98 150 361 -171 -145 -30 71 486 -249 -312 294 294 138 64 0 340 -52 -202; 230 -229 238 -57 -471 172 -31 491 -361 -378 436 -230 -151 176 153 344 -235 -483 177 248 305 340 0 -25 -496; -115 231 460 442 27 -90 -459 -69 -270 155 -162 30 -273 -228 -217 -356 56 102 -78 384 -143 -52 -25 0 115; 412 -336 -66 -326 323 -32 108 258 220 -54 -443 -358 129 -159 33 -392 454 -79 500 -494 112 -202 -496 115 0]
