n = 23
similarities = [0 125 -494 337 -435 290 -373 -204 -419 -163 144 497 -264 -85 295 -107 233 -7 429 -244 -31 492 -455; 125 0 -84 -164 189 -326 311 -52 -163 -201 -184 -489 -173 -359 242 151 83 -324 -305 299 -431 16 369; -494 -84 0 -319 256 -355 457 -12 -434 200 -271 372 -99 -143 -310 467 -447 178 -465 -465 -327 21 240; 337 -164 -319 0 -23 238 -323 -175 -302 484 57 -265 178 78 86 361 -125 242 -288 -3 175 143 354; -435 189 256 -23 0 -220 -95 324 -27 83 -227 -293 412 -2 401 17 -486 -303 384 168 91 353 490; 290 -326 -355 238 -220 0 -42 -117 431 -376 461 -23 -121 -408 -356 -299 -468 305 -4 -300 -49 422 -319; -373 311 457 -323 -95 -42 0 218 47 263 209 -299 -155 -493 5 -78 -500 85 -9 -291 46 -233 9; -204 -52 -12 -175 324 -117 218 0 222 -17 483 78 43 -18 -123 76 -102 215 282 84 35 12 192; -419 -163 -434 -302 -27 431 47 222 0 442 -176 498 -312 -88 132 -154 -450 347 -368 344 342 -98 -98; -163 -201 200 484 83 -376 263 -17 442 0 305 398 128 -398 -469 425 -362 170 -388 94 422 -131 63; 144 -184 -271 57 -227 461 209 483 -176 305 0 -57 -371 -476 -74 -144 359 137 251 127 118 65 -26; 497 -489 372 -265 -293 -23 -299 78 498 398 -57 0 156 161 -449 -99 471 -283 479 -317 53 64 491; -264 -173 -99 178 412 -121 -155 43 -312 128 -371 156 0 -423 442 -466 246 103 489 89 26 342 291; -85 -359 -143 78 -2 -408 -493 -18 -88 -398 -476 161 -423 0 160 117 -201 184 -176 -106 436 306 73; 295 242 -310 86 401 -356 5 -123 132 -469 -74 -449 442 160 0 -162 479 -354 -229 -360 -22 -194 367; -107 151 467 361 17 -299 -78 76 -154 425 -144 -99 -466 117 -162 0 117 262 121 -224 370 -65 351; 233 83 -447 -125 -486 -468 -500 -102 -450 -362 359 471 246 -201 479 117 0 -304 -112 -16 453 -205 -395; -7 -324 178 242 -303 305 85 215 347 170 137 -283 103 184 -354 262 -304 0 -249 234 -73 -243 -441; 429 -305 -465 -288 384 -4 -9 282 -368 -388 251 479 489 -176 -229 121 -112 -249 0 313 -399 -321 159; -244 299 -465 -3 168 -300 -291 84 344 94 127 -317 89 -106 -360 -224 -16 234 313 0 -426 -68 -466; -31 -431 -327 175 91 -49 46 35 342 422 118 53 26 436 -22 370 453 -73 -399 -426 0 -383 237; 492 16 21 143 353 422 -233 12 -98 -131 65 64 342 306 -194 -65 -205 -243 -321 -68 -383 0 158; -455 369 240 354 490 -319 9 192 -98 63 -26 491 291 73 367 351 -395 -441 159 -466 237 158 0]
