n = 18
similarities = [0 9 207 153 499 -358 159 -457 247 -196 342 232 412 302 -320 -201 -83 49; 9 0 -273 -184 -104 442 -440 -221 -55 -127 -341 498 106 399 21 -138 136 373; 207 -273 0 -157 -112 -346 377 169 449 92 -312 405 82 208 308 -402 95 452; 153 -184 -157 0 17 -276 292 -105 -63 -209 -98 -403 -113 437 400 -177 -466 270; 499 -104 -112 17 0 79 235 -370 300 -338 -139 -87 -494 349 -87 178 312 129; -358 442 -346 -276 79 0 376 -20 -58 258 -47 -459 -485 -375 201 -343 186 287; 159 -440 377 292 235 376 0 -256 -205 -363 122 -153 453 -360 394 -383 184 -200; -457 -221 169 -105 -370 -20 -256 0 -89 -430 289 -130 326 -331 295 63 24 168; 247 -55 449 -63 300 -58 -205 -89 0 -253 121 321 20 72 47 -15 309 301; -196 -127 92 -209 -338 258 -363 -430 -253 0 -22 -470 -146 -180 -62 -205 359 -411; 342 -341 -312 -98 -139 -47 122 289 121 -22 0 215 218 361 207 -307 -179 19; 232 498 405 -403 -87 -459 -153 -130 321 -470 215 0 -35 -473 -142 77 253 490; 412 106 82 -113 -494 -485 453 326 20 -146 218 -35 0 -337 -453 -227 -66 -484; 302 399 208 437 349 -375 -360 -331 72 -180 361 -473 -337 0 -431 -333 309 -166; -320 21 308 400 -87 201 394 295 47 -62 207 -142 -453 -431 0 -293 -61 474; -201 -138 -402 -177 178 -343 -383 63 -15 -205 -307 77 -227 -333 -293 0 309 14; -83 136 95 -466 312 186 184 24 309 359 -179 253 -66 309 -61 309 0 122; 49 373 452 270 129 287 -200 168 301 -411 19 490 -484 -166 474 14 122 0]
