n = 17
similarities = [0 406 -61 -473 -492 -4 -215 333 -419 369 -61 442 -476 432 -57 -294 108; 406 0 251 -432 26 -376 -403 -371 -451 193 -271 356 -256 250 226 -172 115; -61 251 0 -373 240 228 -405 379 410 -187 -155 349 417 41 -87 445 493; -473 -432 -373 0 -13 120 347 -264 334 173 -195 52 -299 -400 334 -164 -487; -492 26 240 -13 0 379 412 279 -71 424 279 -405 -391 50 -387 -358 -412; -4 -376 228 120 379 0 -336 -58 -170 -111 -102 -257 222 -247 -91 -84 -210; -215 -403 -405 347 412 -336 0 117 -151 -138 -451 200 -65 -47 -358 -6 446; 333 -371 379 -264 279 -58 117 0 343 410 449 -35 230 -327 -449 196 374; -419 -451 410 334 -71 -170 -151 343 0 -469 -287 -371 129 379 -460 -70 -152; 369 193 -187 173 424 -111 -138 410 -469 0 454 253 -306 231 -486 88 134; -61 -271 -155 -195 279 -102 -451 449 -287 454 0 -305 304 113 -290 -244 -267; 442 356 349 52 -405 -257 200 -35 -371 253 -305 0 366 303 -132 -220 -451; -476 -256 417 -299 -391 222 -65 230 129 -306 304 366 0 342 -197 -68 90; 432 250 41 -400 50 -247 -47 -327 379 231 113 303 342 0 150 -100 -131; -57 226 -87 334 -387 -91 -358 -449 -460 -486 -290 -132 -197 150 0 -138 -316; -294 -172 445 -164 -358 -84 -6 196 -70 88 -244 -220 -68 -100 -138 0 -498; 108 115 493 -487 -412 -210 446 374 -152 134 -267 -451 90 -131 -316 -498 0]
