n = 15
similarities = [0 -311 53 81 285 -61 -429 417 -17 422 243 194 -6 -333 114; -311 0 232 232 21 -435 -248 -337 319 38 251 461 -175 233 -357; 53 232 0 -101 -307 -285 38 -263 434 -487 10 -378 -105 -405 396; 81 232 -101 0 87 -330 162 -225 408 308 335 409 -237 325 -149; 285 21 -307 87 0 -269 -100 -230 -129 280 -16 -379 225 -329 -401; -61 -435 -285 -330 -269 0 -378 64 121 -125 -43 -164 250 -145 469; -429 -248 38 162 -100 -378 0 412 470 438 288 -115 175 -339 -232; 417 -337 -263 -225 -230 64 412 0 -5 -313 373 251 -279 -421 -221; -17 319 434 408 -129 121 470 -5 0 -435 447 -94 202 226 166; 422 38 -487 308 280 -125 438 -313 -435 0 -2 -475 382 -393 -485; 243 251 10 335 -16 -43 288 373 447 -2 0 -295 -220 154 216; 194 461 -378 409 -379 -164 -115 251 -94 -475 -295 0 370 185 14; -6 -175 -105 -237 225 250 175 -279 202 382 -220 370 0 -153 217; -333 233 -405 325 -329 -145 -339 -421 226 -393 154 185 -153 0 -254; 114 -357 396 -149 -401 469 -232 -221 166 -485 216 14 217 -254 0]
