n = 31
similarities = [0 418 487 -124 -229 54 -380 -307 -200 -433 -382 -126 462 359 -333 46 -446 267 490 -359 -338 106 -321 2 -63 394 -268 463 -334 -462 346; 418 0 -123 280 -270 370 -72 -14 -389 421 -52 -75 -30 -476 98 444 499 495 490 -154 96 251 247 -435 -479 -71 330 186 340 318 -54; 487 -123 0 293 -470 247 470 -274 248 356 354 391 -156 -496 146 283 90 212 -225 -495 17 -93 -245 -110 14 245 -327 133 450 -125 -64; -124 280 293 0 -168 -441 -5 316 55 -176 -98 485 -227 -117 144 -147 89 -359 214 214 -14 -40 86 -227 -441 5 -393 444 -135 -262 -12; -229 -270 -470 -168 0 120 -320 -428 12 415 -388 222 482 227 -115 -154 -53 -244 -395 262 269 21 -475 153 -471 -33 381 489 -401 102 -307; 54 370 247 -441 120 0 341 293 235 161 -12 52 -150 -293 20 398 -89 -21 -23 -425 208 -367 181 196 -213 -350 -423 -37 -111 478 45; -380 -72 470 -5 -320 341 0 196 -249 490 358 -173 125 245 498 412 186 455 -421 340 -196 482 -310 15 243 -179 279 -27 185 39 266; -307 -14 -274 316 -428 293 196 0 -51 -52 -362 316 -50 426 -459 -452 94 -384 314 -490 -85 135 223 297 120 145 384 473 -412 279 166; -200 -389 248 55 12 235 -249 -51 0 67 311 -287 77 -349 -156 -360 129 449 -29 -460 -464 -325 -442 -239 89 249 417 -298 106 393 -218; -433 421 356 -176 415 161 490 -52 67 0 -268 -127 -356 -270 -347 79 101 -297 -3 472 -5 272 170 82 379 -71 276 497 445 -489 171; -382 -52 354 -98 -388 -12 358 -362 311 -268 0 -184 -49 -207 393 -487 -51 185 135 59 157 418 2 -457 86 -272 58 163 417 357 500; -126 -75 391 485 222 52 -173 316 -287 -127 -184 0 372 180 411 -369 -183 -186 218 -350 -447 308 -64 293 -498 476 61 -296 428 309 15; 462 -30 -156 -227 482 -150 125 -50 77 -356 -49 372 0 -7 179 -100 -331 260 113 -17 491 -114 79 -384 379 -128 -373 -133 247 -476 97; 359 -476 -496 -117 227 -293 245 426 -349 -270 -207 180 -7 0 -162 -156 180 80 147 -450 -247 164 128 336 415 -37 -193 187 287 308 364; -333 98 146 144 -115 20 498 -459 -156 -347 393 411 179 -162 0 265 -485 -395 119 453 475 449 -211 -249 283 -100 -30 -393 -14 199 -103; 46 444 283 -147 -154 398 412 -452 -360 79 -487 -369 -100 -156 265 0 348 337 486 43 -315 31 252 247 122 242 -238 -210 -133 320 271; -446 499 90 89 -53 -89 186 94 129 101 -51 -183 -331 180 -485 348 0 305 304 -127 440 -482 130 289 250 54 428 -300 146 426 58; 267 495 212 -359 -244 -21 455 -384 449 -297 185 -186 260 80 -395 337 305 0 38 -310 414 369 -241 -218 -369 -334 114 122 366 167 -467; 490 490 -225 214 -395 -23 -421 314 -29 -3 135 218 113 147 119 486 304 38 0 -298 -29 485 -79 -159 -330 -460 -85 -377 -119 282 17; -359 -154 -495 214 262 -425 340 -490 -460 472 59 -350 -17 -450 453 43 -127 -310 -298 0 233 422 -441 497 -275 249 -249 -423 -148 72 126; -338 96 17 -14 269 208 -196 -85 -464 -5 157 -447 491 -247 475 -315 440 414 -29 233 0 185 -50 471 -394 81 115 -24 -277 301 -187; 106 251 -93 -40 21 -367 482 135 -325 272 418 308 -114 164 449 31 -482 369 485 422 185 0 -335 247 -64 -431 -412 447 -402 -96 -22; -321 247 -245 86 -475 181 -310 223 -442 170 2 -64 79 128 -211 252 130 -241 -79 -441 -50 -335 0 98 266 -71 119 446 -117 -283 419; 2 -435 -110 -227 153 196 15 297 -239 82 -457 293 -384 336 -249 247 289 -218 -159 497 471 247 98 0 220 -418 -7 -178 -366 15 -71; -63 -479 14 -441 -471 -213 243 120 89 379 86 -498 379 415 283 122 250 -369 -330 -275 -394 -64 266 220 0 -176 456 -296 97 -34 -190; 394 -71 245 5 -33 -350 -179 145 249 -71 -272 476 -128 -37 -100 242 54 -334 -460 249 81 -431 -71 -418 -176 0 352 243 309 -146 206; -268 330 -327 -393 381 -423 279 384 417 276 58 61 -373 -193 -30 -238 428 114 -85 -249 115 -412 119 -7 456 352 0 458 263 -147 -455; 463 186 133 444 489 -37 -27 473 -298 497 163 -296 -133 187 -393 -210 -300 122 -377 -423 -24 447 446 -178 -296 243 458 0 169 281 216; -334 340 450 -135 -401 -111 185 -412 106 445 417 428 247 287 -14 -133 146 366 -119 -148 -277 -402 -117 -366 97 309 263 169 0 -138 -208; -462 318 -125 -262 102 478 39 279 393 -489 357 309 -476 308 199 320 426 167 282 72 301 -96 -283 15 -34 -146 -147 281 -138 0 -112; 346 -54 -64 -12 -307 45 266 166 -218 171 500 15 97 364 -103 271 58 -467 17 126 -187 -22 419 -71 -190 206 -455 216 -208 -112 0]
