n = 16
similarities = [0 -263 -176 -49 -472 -271 -154 158 -34 -270 277 -243 219 -489 -162 -270; -263 0 447 -247 489 150 14 -495 -378 -405 181 -430 -399 -485 344 -159; -176 447 0 446 -154 -209 -182 -354 134 186 -354 256 112 -494 138 -146; -49 -247 446 0 -208 315 -378 297 -214 -50 186 393 -252 305 -250 -185; -472 489 -154 -208 0 -347 184 500 125 441 -300 -38 -73 -415 398 205; -271 150 -209 315 -347 0 -344 212 314 -204 -175 -111 328 67 274 -48; -154 14 -182 -378 184 -344 0 396 -258 221 409 -103 319 497 229 114; 158 -495 -354 297 500 212 396 0 369 -326 -290 372 -283 74 118 -491; -34 -378 134 -214 125 314 -258 369 0 -350 -111 -379 -200 411 -18 259; -270 -405 186 -50 441 -204 221 -326 -350 0 250 -467 156 -103 -318 123; 277 181 -354 186 -300 -175 409 -290 -111 250 0 -97 407 291 24 -449; -243 -430 256 393 -38 -111 -103 372 -379 -467 -97 0 185 -412 -13 -291; 219 -399 112 -252 -73 328 319 -283 -200 156 407 185 0 215 -270 -453; -489 -485 -494 305 -415 67 497 74 411 -103 291 -412 215 0 -118 465; -162 344 138 -250 398 274 229 118 -18 -318 24 -13 -270 -118 0 -376; -270 -159 -146 -185 205 -48 114 -491 259 123 -449 -291 -453 465 -376 0]
