n = 40
similarities = [0 -86 -61 -493 265 347 -296 233 -1 24 -282 -7 -154 313 -202 -123 -333 74 388 -496 -31 -469 27 -306 52 -66 397 147 29 -345 -3 83 -309 -255 220 450 -320 -486 430 458; -86 0 -481 312 372 -321 340 -390 -241 -492 17 175 284 125 272 498 340 -447 -464 386 -294 -348 418 -26 234 -104 -381 163 205 181 366 130 212 -179 119 37 -430 470 88 -262; -61 -481 0 235 -388 -256 311 338 -410 -39 -227 68 174 -154 58 19 75 -404 488 -31 -125 307 -470 157 -95 -274 212 181 444 -469 120 -446 415 441 291 282 -422 -115 60 -360; -493 312 235 0 -327 419 -477 190 119 -320 -383 -268 -20 -47 -478 284 -338 -77 177 163 471 -418 445 -68 -204 129 170 247 -132 433 -494 64 128 -79 119 183 488 390 247 92; 265 372 -388 -327 0 446 -497 -365 -293 -91 -444 -382 -78 329 -235 -444 -494 129 -358 -244 92 -273 -74 -363 37 -386 -30 167 -144 -119 189 90 190 -468 254 370 376 259 378 -473; 347 -321 -256 419 446 0 95 65 314 283 53 -326 354 102 288 400 73 -165 108 267 488 -213 -439 115 184 -367 -1 -36 75 -319 52 -85 -346 -408 -102 -269 -259 -415 -468 -152; -296 340 311 -477 -497 95 0 -18 -439 -394 45 123 482 -168 102 -489 174 431 388 -328 334 175 194 -421 123 -344 39 -199 -358 -314 -118 -421 -78 -411 205 473 147 -176 -325 485; 233 -390 338 190 -365 65 -18 0 -372 406 167 356 -187 124 -337 344 -151 -483 -417 335 0 -34 99 -441 314 -7 496 0 28 -445 -405 78 27 50 -409 -241 -487 -279 -174 44; -1 -241 -410 119 -293 314 -439 -372 0 -149 -312 76 -375 -437 469 -216 196 371 -183 -353 -82 -52 -199 492 -245 -190 -379 123 -5 214 379 -141 90 -146 -233 141 395 -79 394 -104; 24 -492 -39 -320 -91 283 -394 406 -149 0 -294 -138 -134 -314 31 397 -232 286 -338 395 97 -182 -417 -307 -49 -319 -360 -213 -206 54 388 75 -347 -236 433 121 -313 -231 323 365; -282 17 -227 -383 -444 53 45 167 -312 -294 0 -42 -173 17 468 -24 242 422 378 149 -156 244 124 15 108 486 481 -122 2 -214 -26 -167 494 167 -201 -324 239 -95 -301 499; -7 175 68 -268 -382 -326 123 356 76 -138 -42 0 227 -261 -105 -375 -331 -158 7 422 -37 -346 29 288 434 495 -121 -378 401 -428 198 -211 342 -175 496 -489 -255 280 -109 34; -154 284 174 -20 -78 354 482 -187 -375 -134 -173 227 0 -264 427 491 217 150 -134 -330 324 370 -178 29 413 -257 181 -463 -374 -214 -14 -63 340 -208 -205 -460 409 441 -423 413; 313 125 -154 -47 329 102 -168 124 -437 -314 17 -261 -264 0 -306 130 -382 379 307 122 -231 -180 -449 100 -147 -179 87 -255 88 -267 184 410 -1 267 -295 261 419 478 84 -217; -202 272 58 -478 -235 288 102 -337 469 31 468 -105 427 -306 0 224 -357 312 -426 143 200 214 478 313 -369 -45 249 34 -171 -186 147 95 412 220 -332 12 -183 350 -289 -197; -123 498 19 284 -444 400 -489 344 -216 397 -24 -375 491 130 224 0 6 22 -298 -297 492 -325 486 199 -303 -491 299 -10 196 -421 1 80 -347 -479 192 -137 262 42 298 212; -333 340 75 -338 -494 73 174 -151 196 -232 242 -331 217 -382 -357 6 0 -150 -317 277 -305 198 250 248 -8 344 241 46 308 389 391 421 -387 49 17 100 -472 -24 344 332; 74 -447 -404 -77 129 -165 431 -483 371 286 422 -158 150 379 312 22 -150 0 99 368 478 -71 58 -345 299 -373 278 -271 -167 231 -218 146 207 -298 397 -331 -265 -41 390 -483; 388 -464 488 177 -358 108 388 -417 -183 -338 378 7 -134 307 -426 -298 -317 99 0 -467 -278 98 -215 303 186 386 -100 248 -454 5 -371 430 307 -413 99 408 38 -254 172 -195; -496 386 -31 163 -244 267 -328 335 -353 395 149 422 -330 122 143 -297 277 368 -467 0 -251 242 -393 -364 -43 423 276 -397 -93 231 180 413 -144 109 -91 292 -183 446 -456 220; -31 -294 -125 471 92 488 334 0 -82 97 -156 -37 324 -231 200 492 -305 478 -278 -251 0 -260 473 230 308 371 330 -308 -483 493 200 158 -410 258 46 -68 334 -282 451 -339; -469 -348 307 -418 -273 -213 175 -34 -52 -182 244 -346 370 -180 214 -325 198 -71 98 242 -260 0 -193 315 223 279 -36 256 -349 329 -445 -270 -169 188 339 -324 248 257 -287 302; 27 418 -470 445 -74 -439 194 99 -199 -417 124 29 -178 -449 478 486 250 58 -215 -393 473 -193 0 342 -246 -348 -101 327 -468 -296 157 237 398 405 -293 -62 -107 -280 22 -189; -306 -26 157 -68 -363 115 -421 -441 492 -307 15 288 29 100 313 199 248 -345 303 -364 230 315 342 0 -291 393 303 268 -216 467 -281 249 451 -49 146 115 -473 368 38 -482; 52 234 -95 -204 37 184 123 314 -245 -49 108 434 413 -147 -369 -303 -8 299 186 -43 308 223 -246 -291 0 399 173 263 444 -315 -141 -190 293 -11 200 226 -238 -299 252 -467; -66 -104 -274 129 -386 -367 -344 -7 -190 -319 486 495 -257 -179 -45 -491 344 -373 386 423 371 279 -348 393 399 0 324 -388 -296 38 444 -52 429 -472 -158 -232 -343 152 -410 -393; 397 -381 212 170 -30 -1 39 496 -379 -360 481 -121 181 87 249 299 241 278 -100 276 330 -36 -101 303 173 324 0 451 -337 443 -338 -74 28 253 -404 -122 -30 -69 369 470; 147 163 181 247 167 -36 -199 0 123 -213 -122 -378 -463 -255 34 -10 46 -271 248 -397 -308 256 327 268 263 -388 451 0 94 -19 -241 -288 305 237 -127 433 309 124 376 -405; 29 205 444 -132 -144 75 -358 28 -5 -206 2 401 -374 88 -171 196 308 -167 -454 -93 -483 -349 -468 -216 444 -296 -337 94 0 -457 -449 123 485 150 -160 -30 476 217 -331 -330; -345 181 -469 433 -119 -319 -314 -445 214 54 -214 -428 -214 -267 -186 -421 389 231 5 231 493 329 -296 467 -315 38 443 -19 -457 0 -448 -153 -363 114 297 383 334 229 119 -274; -3 366 120 -494 189 52 -118 -405 379 388 -26 198 -14 184 147 1 391 -218 -371 180 200 -445 157 -281 -141 444 -338 -241 -449 -448 0 -76 -102 -408 486 -497 484 -112 -348 -151; 83 130 -446 64 90 -85 -421 78 -141 75 -167 -211 -63 410 95 80 421 146 430 413 158 -270 237 249 -190 -52 -74 -288 123 -153 -76 0 -115 -265 -202 -430 -61 -330 201 473; -309 212 415 128 190 -346 -78 27 90 -347 494 342 340 -1 412 -347 -387 207 307 -144 -410 -169 398 451 293 429 28 305 485 -363 -102 -115 0 -156 -96 -419 331 -17 -269 96; -255 -179 441 -79 -468 -408 -411 50 -146 -236 167 -175 -208 267 220 -479 49 -298 -413 109 258 188 405 -49 -11 -472 253 237 150 114 -408 -265 -156 0 411 194 41 -491 142 473; 220 119 291 119 254 -102 205 -409 -233 433 -201 496 -205 -295 -332 192 17 397 99 -91 46 339 -293 146 200 -158 -404 -127 -160 297 486 -202 -96 411 0 249 143 321 -391 -30; 450 37 282 183 370 -269 473 -241 141 121 -324 -489 -460 261 12 -137 100 -331 408 292 -68 -324 -62 115 226 -232 -122 433 -30 383 -497 -430 -419 194 249 0 -468 -472 29 -283; -320 -430 -422 488 376 -259 147 -487 395 -313 239 -255 409 419 -183 262 -472 -265 38 -183 334 248 -107 -473 -238 -343 -30 309 476 334 484 -61 331 41 143 -468 0 293 244 -437; -486 470 -115 390 259 -415 -176 -279 -79 -231 -95 280 441 478 350 42 -24 -41 -254 446 -282 257 -280 368 -299 152 -69 124 217 229 -112 -330 -17 -491 321 -472 293 0 -162 -149; 430 88 60 247 378 -468 -325 -174 394 323 -301 -109 -423 84 -289 298 344 390 172 -456 451 -287 22 38 252 -410 369 376 -331 119 -348 201 -269 142 -391 29 244 -162 0 -100; 458 -262 -360 92 -473 -152 485 44 -104 365 499 34 413 -217 -197 212 332 -483 -195 220 -339 302 -189 -482 -467 -393 470 -405 -330 -274 -151 473 96 473 -30 -283 -437 -149 -100 0]
