n = 33
similarities = [0 307 -184 204 -240 118 -255 421 -90 -331 -311 -496 -185 -108 -97 314 473 -14 457 -178 -340 448 348 -217 290 106 -315 316 -255 371 -301 -116 -295; 307 0 261 455 267 -328 264 -344 373 -258 -476 162 -284 106 -440 -262 487 110 -42 -195 35 391 342 426 475 350 -47 72 -260 -277 -58 -342 440; -184 261 0 -443 232 -235 -71 -432 -258 117 -255 -62 -242 358 -251 84 -397 -83 -483 475 -114 -85 262 -232 -211 37 169 -454 153 -131 -415 -380 183; 204 455 -443 0 202 -402 324 -311 -463 367 175 134 245 497 -365 -321 -55 23 -436 -169 445 33 -284 211 132 382 -369 -302 22 172 -408 -102 313; -240 267 232 202 0 -341 -485 111 391 -225 224 -178 -375 355 -177 -450 443 -294 410 -201 -310 499 -484 126 128 -248 107 -226 -381 -253 -253 74 -93; 118 -328 -235 -402 -341 0 -123 98 -175 212 -206 -22 470 64 -312 -256 133 -97 231 18 -1 -316 411 295 -8 -24 -354 134 -193 321 289 -28 -310; -255 264 -71 324 -485 -123 0 165 464 -284 257 -355 78 -297 253 -334 -219 0 -286 389 -450 -432 292 326 73 440 -423 -225 288 -29 -472 -404 -458; 421 -344 -432 -311 111 98 165 0 -308 180 -113 -70 188 -393 367 -475 -409 -498 -316 -176 76 -128 -258 -243 390 287 -64 -471 -324 -244 -279 50 -449; -90 373 -258 -463 391 -175 464 -308 0 489 238 387 -410 217 122 -295 -248 -462 -305 495 444 145 -476 -130 -320 165 -96 -391 -22 383 39 -141 425; -331 -258 117 367 -225 212 -284 180 489 0 78 -122 193 -204 302 100 263 311 464 -466 183 -317 -353 210 -124 222 319 -72 425 -179 177 464 -493; -311 -476 -255 175 224 -206 257 -113 238 78 0 -256 90 -485 227 -470 -236 -493 -399 -452 389 -141 -137 302 -370 -403 -366 -198 -274 -207 391 -340 -301; -496 162 -62 134 -178 -22 -355 -70 387 -122 -256 0 -449 255 -224 -418 -2 301 -322 9 26 -342 108 44 -219 -230 262 -398 70 -232 166 396 -17; -185 -284 -242 245 -375 470 78 188 -410 193 90 -449 0 25 138 -158 -312 -422 355 -460 -408 190 330 -487 94 -454 -43 46 -165 -125 -132 34 138; -108 106 358 497 355 64 -297 -393 217 -204 -485 255 25 0 -103 -185 307 417 -451 497 160 -277 421 406 -445 386 23 469 481 -124 -132 -286 -278; -97 -440 -251 -365 -177 -312 253 367 122 302 227 -224 138 -103 0 106 -379 -97 337 -301 277 134 166 475 187 -499 -436 -378 -150 -119 -477 285 337; 314 -262 84 -321 -450 -256 -334 -475 -295 100 -470 -418 -158 -185 106 0 359 481 263 -407 479 -70 -114 94 490 134 230 -380 -238 -244 -254 -492 -73; 473 487 -397 -55 443 133 -219 -409 -248 263 -236 -2 -312 307 -379 359 0 200 110 312 22 314 434 485 369 282 -381 45 -404 -109 -70 59 -106; -14 110 -83 23 -294 -97 0 -498 -462 311 -493 301 -422 417 -97 481 200 0 -137 -351 -419 -332 359 94 447 282 -127 18 21 -337 -114 24 415; 457 -42 -483 -436 410 231 -286 -316 -305 464 -399 -322 355 -451 337 263 110 -137 0 -298 -194 -162 -94 73 66 208 -421 -260 -375 -47 261 30 -420; -178 -195 475 -169 -201 18 389 -176 495 -466 -452 9 -460 497 -301 -407 312 -351 -298 0 -357 1 -445 -459 150 36 -270 303 495 105 186 293 -479; -340 35 -114 445 -310 -1 -450 76 444 183 389 26 -408 160 277 479 22 -419 -194 -357 0 -131 -428 -15 -379 -397 382 319 -312 390 -153 489 238; 448 391 -85 33 499 -316 -432 -128 145 -317 -141 -342 190 -277 134 -70 314 -332 -162 1 -131 0 454 209 417 -488 27 -455 491 119 264 -365 -342; 348 342 262 -284 -484 411 292 -258 -476 -353 -137 108 330 421 166 -114 434 359 -94 -445 -428 454 0 491 -160 247 318 66 -422 358 212 -151 449; -217 426 -232 211 126 295 326 -243 -130 210 302 44 -487 406 475 94 485 94 73 -459 -15 209 491 0 -207 394 20 -16 -436 -64 -28 -289 381; 290 475 -211 132 128 -8 73 390 -320 -124 -370 -219 94 -445 187 490 369 447 66 150 -379 417 -160 -207 0 -266 109 -91 -490 473 -189 250 -198; 106 350 37 382 -248 -24 440 287 165 222 -403 -230 -454 386 -499 134 282 282 208 36 -397 -488 247 394 -266 0 -185 196 427 -72 -399 324 -238; -315 -47 169 -369 107 -354 -423 -64 -96 319 -366 262 -43 23 -436 230 -381 -127 -421 -270 382 27 318 20 109 -185 0 206 90 28 230 -158 -192; 316 72 -454 -302 -226 134 -225 -471 -391 -72 -198 -398 46 469 -378 -380 45 18 -260 303 319 -455 66 -16 -91 196 206 0 -269 314 -121 -31 424; -255 -260 153 22 -381 -193 288 -324 -22 425 -274 70 -165 481 -150 -238 -404 21 -375 495 -312 491 -422 -436 -490 427 90 -269 0 -277 78 441 476; 371 -277 -131 172 -253 321 -29 -244 383 -179 -207 -232 -125 -124 -119 -244 -109 -337 -47 105 390 119 358 -64 473 -72 28 314 -277 0 340 413 -60; -301 -58 -415 -408 -253 289 -472 -279 39 177 391 166 -132 -132 -477 -254 -70 -114 261 186 -153 264 212 -28 -189 -399 230 -121 78 340 0 300 179; -116 -342 -380 -102 74 -28 -404 50 -141 464 -340 396 34 -286 285 -492 59 24 30 293 489 -365 -151 -289 250 324 -158 -31 441 413 300 0 355; -295 440 183 313 -93 -310 -458 -449 425 -493 -301 -17 138 -278 337 -73 -106 415 -420 -479 238 -342 449 381 -198 -238 -192 424 476 -60 179 355 0]
