n = 38
similarities = [0 34 197 -201 -495 156 -337 -213 438 242 -331 -294 -443 190 204 -335 447 143 -36 354 177 -178 -176 -423 216 302 226 70 19 -369 -64 -205 -349 297 -345 -479 245 277; 34 0 169 -76 342 150 -285 137 378 -93 -17 293 127 235 -8 -442 485 -299 -385 464 -19 -75 -376 -309 202 354 356 274 -277 53 6 -36 -493 -163 -107 118 493 -477; 197 169 0 45 -252 47 229 -123 493 -312 -105 75 -236 177 -408 23 -112 -186 93 -146 110 -41 -112 304 -8 36 -71 376 274 46 -131 236 -207 265 -119 209 171 -18; -201 -76 45 0 -482 -115 -493 185 61 190 349 319 49 16 5 -306 418 -339 -400 252 361 273 -387 337 422 324 4 316 397 324 -176 -500 204 34 -304 -334 36 -278; -495 342 -252 -482 0 -420 -269 -409 475 -248 204 232 -185 -320 -29 248 -410 -408 -108 -313 -439 38 -253 -263 -196 -223 -144 153 -24 201 13 189 -83 -210 62 181 34 151; 156 150 47 -115 -420 0 -285 -244 -458 -98 272 139 61 392 -126 411 270 -388 203 -410 -492 444 -347 -291 106 71 -493 413 -140 461 37 407 445 -304 -384 -431 -435 -381; -337 -285 229 -493 -269 -285 0 -144 220 -239 -265 88 278 -301 -30 -336 -226 260 35 -211 -423 -395 -184 -70 -332 115 76 -105 239 -170 52 -462 -410 -492 94 485 -231 -111; -213 137 -123 185 -409 -244 -144 0 425 -442 62 -142 -339 475 -222 187 -268 -296 158 453 46 -30 -51 341 388 428 -70 -302 -184 80 255 -163 -73 20 -147 413 -485 363; 438 378 493 61 475 -458 220 425 0 -51 -432 79 225 -87 180 -66 -476 85 -245 -361 348 -269 209 497 145 106 -282 -446 102 -61 33 256 -351 -381 -46 394 268 -83; 242 -93 -312 190 -248 -98 -239 -442 -51 0 54 0 -6 249 124 47 161 -90 432 172 -28 434 -11 -68 -347 -131 30 -188 -362 -49 197 -365 267 28 -353 -172 -401 -360; -331 -17 -105 349 204 272 -265 62 -432 54 0 353 -181 51 447 271 204 -103 -191 285 492 96 -10 443 -47 98 -307 -454 437 81 280 -357 -20 247 273 227 84 -437; -294 293 75 319 232 139 88 -142 79 0 353 0 -20 499 -17 -69 70 327 -197 -334 56 329 -7 -394 42 -437 96 448 56 -361 -206 467 387 -229 -186 404 288 -325; -443 127 -236 49 -185 61 278 -339 225 -6 -181 -20 0 233 295 114 -148 17 206 8 -279 420 -229 244 -104 -1 -196 -232 -408 -67 -94 -82 -383 -470 -189 319 -245 242; 190 235 177 16 -320 392 -301 475 -87 249 51 499 233 0 -351 33 -211 -253 333 273 -424 -248 -33 -116 363 224 -452 -106 -70 -389 -110 -46 -294 81 14 277 156 44; 204 -8 -408 5 -29 -126 -30 -222 180 124 447 -17 295 -351 0 44 152 -159 215 41 164 462 118 -339 479 356 148 -337 300 376 152 -8 -485 -377 181 481 -257 198; -335 -442 23 -306 248 411 -336 187 -66 47 271 -69 114 33 44 0 205 -386 -51 42 -424 382 -92 -327 -456 -156 -385 66 36 476 109 -498 297 -71 -358 493 -137 -41; 447 485 -112 418 -410 270 -226 -268 -476 161 204 70 -148 -211 152 205 0 -172 422 296 256 -338 -349 6 -119 -281 491 -295 165 -372 193 443 497 193 216 -270 156 396; 143 -299 -186 -339 -408 -388 260 -296 85 -90 -103 327 17 -253 -159 -386 -172 0 -117 -489 252 -466 -103 -118 345 -45 -156 -211 130 -153 -368 -108 -95 -14 206 54 -498 342; -36 -385 93 -400 -108 203 35 158 -245 432 -191 -197 206 333 215 -51 422 -117 0 -245 -383 -421 225 -259 -365 250 -103 -155 -51 -213 -311 -339 -221 -465 225 -94 332 434; 354 464 -146 252 -313 -410 -211 453 -361 172 285 -334 8 273 41 42 296 -489 -245 0 331 -95 355 264 40 -325 -223 -499 -167 -484 -473 -304 111 107 133 -405 437 312; 177 -19 110 361 -439 -492 -423 46 348 -28 492 56 -279 -424 164 -424 256 252 -383 331 0 -168 282 108 -392 469 363 494 -101 233 -284 -142 251 -186 -163 159 303 -79; -178 -75 -41 273 38 444 -395 -30 -269 434 96 329 420 -248 462 382 -338 -466 -421 -95 -168 0 -122 68 97 -358 -461 -263 216 -69 -497 -11 358 -328 224 -140 96 68; -176 -376 -112 -387 -253 -347 -184 -51 209 -11 -10 -7 -229 -33 118 -92 -349 -103 225 355 282 -122 0 -188 -462 473 -94 419 34 127 111 231 491 -354 265 -336 233 -445; -423 -309 304 337 -263 -291 -70 341 497 -68 443 -394 244 -116 -339 -327 6 -118 -259 264 108 68 -188 0 386 -24 -78 -418 -452 -359 -74 -60 28 471 215 253 163 -6; 216 202 -8 422 -196 106 -332 388 145 -347 -47 42 -104 363 479 -456 -119 345 -365 40 -392 97 -462 386 0 415 -382 -321 -62 199 188 290 382 -88 -334 -73 377 311; 302 354 36 324 -223 71 115 428 106 -131 98 -437 -1 224 356 -156 -281 -45 250 -325 469 -358 473 -24 415 0 -39 248 52 -415 -16 -19 -377 169 429 -305 -198 -280; 226 356 -71 4 -144 -493 76 -70 -282 30 -307 96 -196 -452 148 -385 491 -156 -103 -223 363 -461 -94 -78 -382 -39 0 320 -36 177 -193 -161 264 -495 -70 -418 -57 -270; 70 274 376 316 153 413 -105 -302 -446 -188 -454 448 -232 -106 -337 66 -295 -211 -155 -499 494 -263 419 -418 -321 248 320 0 -95 -248 -127 -468 68 165 20 246 421 463; 19 -277 274 397 -24 -140 239 -184 102 -362 437 56 -408 -70 300 36 165 130 -51 -167 -101 216 34 -452 -62 52 -36 -95 0 -438 -471 -416 48 -239 212 122 -306 69; -369 53 46 324 201 461 -170 80 -61 -49 81 -361 -67 -389 376 476 -372 -153 -213 -484 233 -69 127 -359 199 -415 177 -248 -438 0 -288 -235 73 -168 165 -375 447 -251; -64 6 -131 -176 13 37 52 255 33 197 280 -206 -94 -110 152 109 193 -368 -311 -473 -284 -497 111 -74 188 -16 -193 -127 -471 -288 0 180 124 -276 285 130 249 434; -205 -36 236 -500 189 407 -462 -163 256 -365 -357 467 -82 -46 -8 -498 443 -108 -339 -304 -142 -11 231 -60 290 -19 -161 -468 -416 -235 180 0 -221 102 332 355 449 17; -349 -493 -207 204 -83 445 -410 -73 -351 267 -20 387 -383 -294 -485 297 497 -95 -221 111 251 358 491 28 382 -377 264 68 48 73 124 -221 0 -104 -113 -79 239 428; 297 -163 265 34 -210 -304 -492 20 -381 28 247 -229 -470 81 -377 -71 193 -14 -465 107 -186 -328 -354 471 -88 169 -495 165 -239 -168 -276 102 -104 0 239 -251 -404 442; -345 -107 -119 -304 62 -384 94 -147 -46 -353 273 -186 -189 14 181 -358 216 206 225 133 -163 224 265 215 -334 429 -70 20 212 165 285 332 -113 239 0 -37 -260 -286; -479 118 209 -334 181 -431 485 413 394 -172 227 404 319 277 481 493 -270 54 -94 -405 159 -140 -336 253 -73 -305 -418 246 122 -375 130 355 -79 -251 -37 0 -328 -325; 245 493 171 36 34 -435 -231 -485 268 -401 84 288 -245 156 -257 -137 156 -498 332 437 303 96 233 163 377 -198 -57 421 -306 447 249 449 239 -404 -260 -328 0 -40; 277 -477 -18 -278 151 -381 -111 363 -83 -360 -437 -325 242 44 198 -41 396 342 434 312 -79 68 -445 -6 311 -280 -270 463 69 -251 434 17 428 442 -286 -325 -40 0]
