n = 27
similarities = [0 419 206 -450 -53 287 438 287 -34 371 288 348 -55 193 41 -357 -477 74 -106 -66 205 -219 -184 72 189 -175 -119; 419 0 124 -370 -319 -176 -35 84 -157 77 142 -77 -286 -77 123 34 7 367 174 -75 139 -192 -83 357 133 -461 -277; 206 124 0 -137 -403 -379 351 -225 -305 288 247 -378 -310 -252 -218 -199 456 3 -202 -226 -237 -320 -400 39 -322 -20 398; -450 -370 -137 0 407 491 -165 185 280 -11 10 292 482 494 -291 146 445 180 -273 -76 262 -83 -312 317 42 -247 404; -53 -319 -403 407 0 52 -407 168 -67 130 97 188 410 -221 168 -301 441 -492 -48 135 -398 -166 80 461 -375 -398 -217; 287 -176 -379 491 52 0 486 159 -259 27 260 -346 -37 -354 293 343 -484 18 185 -464 -367 -4 -337 128 81 56 -164; 438 -35 351 -165 -407 486 0 -394 -61 -441 -356 -329 36 355 289 -395 35 -433 376 269 -211 -146 89 143 -259 240 -372; 287 84 -225 185 168 159 -394 0 343 126 382 -408 -401 -369 220 206 -398 -286 345 386 -64 358 -7 205 -340 439 46; -34 -157 -305 280 -67 -259 -61 343 0 -295 -464 -385 294 94 464 372 -8 -441 -32 -496 -53 -447 328 105 335 -25 438; 371 77 288 -11 130 27 -441 126 -295 0 488 -443 112 398 428 449 324 -22 88 323 454 474 384 -465 301 176 481; 288 142 247 10 97 260 -356 382 -464 488 0 260 -77 212 303 400 457 -247 116 313 -69 58 63 323 17 -349 229; 348 -77 -378 292 188 -346 -329 -408 -385 -443 260 0 -332 -176 -205 -420 5 95 385 429 -304 -492 50 185 229 -226 240; -55 -286 -310 482 410 -37 36 -401 294 112 -77 -332 0 -352 333 -249 74 498 362 -113 -189 344 -324 -378 -347 -172 -305; 193 -77 -252 494 -221 -354 355 -369 94 398 212 -176 -352 0 -71 279 380 -42 253 84 -369 -160 -234 -71 -378 3 -173; 41 123 -218 -291 168 293 289 220 464 428 303 -205 333 -71 0 -14 306 -461 -175 123 48 326 230 371 120 -36 -252; -357 34 -199 146 -301 343 -395 206 372 449 400 -420 -249 279 -14 0 471 -111 381 -236 -433 -198 -322 334 -207 -48 -284; -477 7 456 445 441 -484 35 -398 -8 324 457 5 74 380 306 471 0 69 336 -438 -22 255 -433 -165 398 -220 -467; 74 367 3 180 -492 18 -433 -286 -441 -22 -247 95 498 -42 -461 -111 69 0 -83 423 -391 172 -471 265 210 -347 -311; -106 174 -202 -273 -48 185 376 345 -32 88 116 385 362 253 -175 381 336 -83 0 362 -231 -277 -367 342 446 410 301; -66 -75 -226 -76 135 -464 269 386 -496 323 313 429 -113 84 123 -236 -438 423 362 0 26 -99 -441 365 -28 -308 -373; 205 139 -237 262 -398 -367 -211 -64 -53 454 -69 -304 -189 -369 48 -433 -22 -391 -231 26 0 370 378 112 -440 19 212; -219 -192 -320 -83 -166 -4 -146 358 -447 474 58 -492 344 -160 326 -198 255 172 -277 -99 370 0 -185 498 -149 264 199; -184 -83 -400 -312 80 -337 89 -7 328 384 63 50 -324 -234 230 -322 -433 -471 -367 -441 378 -185 0 -31 -233 421 -493; 72 357 39 317 461 128 143 205 105 -465 323 185 -378 -71 371 334 -165 265 342 365 112 498 -31 0 417 487 456; 189 133 -322 42 -375 81 -259 -340 335 301 17 229 -347 -378 120 -207 398 210 446 -28 -440 -149 -233 417 0 -134 86; -175 -461 -20 -247 -398 56 240 439 -25 176 -349 -226 -172 3 -36 -48 -220 -347 410 -308 19 264 421 487 -134 0 -313; -119 -277 398 404 -217 -164 -372 46 438 481 229 240 -305 -173 -252 -284 -467 -311 301 -373 212 199 -493 456 86 -313 0]
