n = 30
similarities = [0 -84 321 220 402 352 78 447 412 163 -465 343 75 350 24 -145 -463 -134 210 260 -422 -350 -309 -153 -478 -385 304 472 424 274; -84 0 -470 -127 -340 -284 -142 441 82 -365 -128 425 483 -361 -152 -401 436 311 102 -413 -409 -173 233 494 -357 473 -434 132 308 -96; 321 -470 0 396 273 115 -439 299 381 -222 395 397 -247 -444 -275 406 96 -445 416 -251 168 442 160 -302 400 -347 -394 42 -82 312; 220 -127 396 0 194 -430 -12 68 -3 -26 209 208 484 477 -84 -205 -339 428 79 225 -124 -451 -16 -445 482 -88 208 432 121 -287; 402 -340 273 194 0 214 348 -428 -389 -343 125 42 -184 429 469 37 136 200 127 109 310 -352 -224 175 99 239 -485 329 379 -383; 352 -284 115 -430 214 0 -187 -302 260 33 -313 -295 443 -246 145 476 169 167 233 442 -418 -463 193 -44 278 345 -249 227 243 -229; 78 -142 -439 -12 348 -187 0 276 -88 202 423 479 483 34 -326 111 -156 210 -105 267 437 100 -87 399 -27 293 187 -423 32 105; 447 441 299 68 -428 -302 276 0 153 -195 -410 280 -11 320 8 325 -426 97 -80 293 58 -144 367 296 -262 -290 -397 383 -272 75; 412 82 381 -3 -389 260 -88 153 0 -85 375 44 -24 428 58 -434 -80 -213 22 -444 73 -18 -57 218 -180 163 -352 13 -279 448; 163 -365 -222 -26 -343 33 202 -195 -85 0 -398 -42 -182 -153 267 271 -19 223 -272 303 -158 -41 464 -198 181 -359 408 344 124 -111; -465 -128 395 209 125 -313 423 -410 375 -398 0 -80 289 -6 433 111 -438 -430 -74 -18 -491 -164 -177 -59 361 -116 463 300 399 -182; 343 425 397 208 42 -295 479 280 44 -42 -80 0 -319 -328 348 -147 -263 340 -114 -409 176 -306 430 346 -256 -474 403 -145 -174 364; 75 483 -247 484 -184 443 483 -11 -24 -182 289 -319 0 425 -112 -123 -187 483 434 -8 76 -200 290 312 -365 161 -465 351 117 104; 350 -361 -444 477 429 -246 34 320 428 -153 -6 -328 425 0 475 -334 -141 135 235 38 -217 -221 51 130 -294 -340 355 -467 -140 449; 24 -152 -275 -84 469 145 -326 8 58 267 433 348 -112 475 0 -260 -434 388 -436 -428 253 -272 306 -178 349 11 319 315 -152 254; -145 -401 406 -205 37 476 111 325 -434 271 111 -147 -123 -334 -260 0 -326 439 236 -216 249 39 189 -127 95 256 59 303 -169 -35; -463 436 96 -339 136 169 -156 -426 -80 -19 -438 -263 -187 -141 -434 -326 0 -185 151 -210 145 172 447 410 -12 326 120 -398 58 452; -134 311 -445 428 200 167 210 97 -213 223 -430 340 483 135 388 439 -185 0 296 -439 -183 447 -218 405 381 -170 -137 271 -221 -199; 210 102 416 79 127 233 -105 -80 22 -272 -74 -114 434 235 -436 236 151 296 0 455 178 -296 -370 262 -246 493 -133 189 -323 489; 260 -413 -251 225 109 442 267 293 -444 303 -18 -409 -8 38 -428 -216 -210 -439 455 0 -441 254 -176 325 -278 -437 421 -142 -409 452; -422 -409 168 -124 310 -418 437 58 73 -158 -491 176 76 -217 253 249 145 -183 178 -441 0 -336 -103 -226 128 243 47 -294 496 30; -350 -173 442 -451 -352 -463 100 -144 -18 -41 -164 -306 -200 -221 -272 39 172 447 -296 254 -336 0 86 13 484 -254 167 328 -262 -487; -309 233 160 -16 -224 193 -87 367 -57 464 -177 430 290 51 306 189 447 -218 -370 -176 -103 86 0 -208 -7 -136 408 -87 446 117; -153 494 -302 -445 175 -44 399 296 218 -198 -59 346 312 130 -178 -127 410 405 262 325 -226 13 -208 0 -53 176 -448 438 -3 234; -478 -357 400 482 99 278 -27 -262 -180 181 361 -256 -365 -294 349 95 -12 381 -246 -278 128 484 -7 -53 0 -380 48 -283 -63 -157; -385 473 -347 -88 239 345 293 -290 163 -359 -116 -474 161 -340 11 256 326 -170 493 -437 243 -254 -136 176 -380 0 -498 -243 166 459; 304 -434 -394 208 -485 -249 187 -397 -352 408 463 403 -465 355 319 59 120 -137 -133 421 47 167 408 -448 48 -498 0 -390 456 -68; 472 132 42 432 329 227 -423 383 13 344 300 -145 351 -467 315 303 -398 271 189 -142 -294 328 -87 438 -283 -243 -390 0 364 107; 424 308 -82 121 379 243 32 -272 -279 124 399 -174 117 -140 -152 -169 58 -221 -323 -409 496 -262 446 -3 -63 166 456 364 0 -454; 274 -96 312 -287 -383 -229 105 75 448 -111 -182 364 104 449 254 -35 452 -199 489 452 30 -487 117 234 -157 459 -68 107 -454 0]
