n = 19
similarities = [0 362 368 468 184 -173 207 13 35 -57 265 -484 336 417 -255 -64 -286 137 360; 362 0 238 -334 -57 -409 -60 436 361 -110 224 253 -87 -252 104 224 185 -60 400; 368 238 0 428 -142 82 378 363 416 107 400 -328 -131 -147 343 -243 456 490 274; 468 -334 428 0 17 276 -353 -374 125 494 68 -367 -217 -89 370 108 -361 -71 -258; 184 -57 -142 17 0 119 379 137 280 165 465 -408 277 205 164 -348 220 -371 -479; -173 -409 82 276 119 0 -31 100 -417 440 -21 312 387 -245 365 -29 -405 387 -28; 207 -60 378 -353 379 -31 0 -214 156 -179 418 388 -399 212 319 151 227 -454 299; 13 436 363 -374 137 100 -214 0 -204 -479 225 389 423 107 -137 -118 266 -107 -192; 35 361 416 125 280 -417 156 -204 0 440 -259 -29 -289 355 183 184 435 166 20; -57 -110 107 494 165 440 -179 -479 440 0 368 -160 -341 -246 66 -197 -302 -185 48; 265 224 400 68 465 -21 418 225 -259 368 0 -107 423 -293 -334 -410 316 24 -420; -484 253 -328 -367 -408 312 388 389 -29 -160 -107 0 -466 -427 238 451 -151 -442 321; 336 -87 -131 -217 277 387 -399 423 -289 -341 423 -466 0 14 -491 144 -327 225 -282; 417 -252 -147 -89 205 -245 212 107 355 -246 -293 -427 14 0 -346 36 452 -159 62; -255 104 343 370 164 365 319 -137 183 66 -334 238 -491 -346 0 181 -249 415 131; -64 224 -243 108 -348 -29 151 -118 184 -197 -410 451 144 36 181 0 -401 -469 61; -286 185 456 -361 220 -405 227 266 435 -302 316 -151 -327 452 -249 -401 0 370 -52; 137 -60 490 -71 -371 387 -454 -107 166 -185 24 -442 225 -159 415 -469 370 0 446; 360 400 274 -258 -479 -28 299 -192 20 48 -420 321 -282 62 131 61 -52 446 0]
