n = 28
similarities = [0 -375 56 401 67 -425 158 348 480 245 -388 -120 11 287 -210 -205 -498 40 349 62 -472 73 -85 -469 -338 -423 43 24; -375 0 75 345 -318 152 -391 -358 43 -83 -151 -393 168 -309 -45 -372 464 105 416 -86 -98 -50 192 -364 -206 10 -289 301; 56 75 0 150 256 240 245 195 315 260 370 354 -464 -391 333 270 -163 173 -336 -313 -434 209 309 22 -367 -192 343 300; 401 345 150 0 -230 -471 -351 382 -215 -360 -333 -291 142 35 -155 -33 -445 365 408 -484 381 441 -134 164 13 274 374 13; 67 -318 256 -230 0 123 152 385 -71 -86 203 -373 -368 425 120 288 -246 402 63 -268 481 -156 -467 337 -46 -145 -360 452; -425 152 240 -471 123 0 432 276 -355 -486 152 -375 -323 -90 -231 199 -395 304 128 91 319 -48 -377 -288 414 174 121 -154; 158 -391 245 -351 152 432 0 -99 -225 247 -55 -202 315 -494 -358 410 -298 -343 -377 414 341 4 -325 -229 -74 -3 -400 427; 348 -358 195 382 385 276 -99 0 400 84 -267 143 44 -43 175 445 414 -281 -125 -304 47 -487 -374 -263 348 -281 391 22; 480 43 315 -215 -71 -355 -225 400 0 466 -217 359 4 490 -364 499 -372 140 -207 -374 -36 -118 -483 453 -5 223 421 -465; 245 -83 260 -360 -86 -486 247 84 466 0 66 155 -272 -105 -269 -258 -237 -493 398 90 278 201 380 228 -310 46 -210 56; -388 -151 370 -333 203 152 -55 -267 -217 66 0 275 72 358 -104 46 -53 41 -329 -457 -66 152 424 459 -290 -393 -273 -103; -120 -393 354 -291 -373 -375 -202 143 359 155 275 0 -239 212 76 375 53 181 -378 151 458 40 371 -56 -208 -285 -7 -3; 11 168 -464 142 -368 -323 315 44 4 -272 72 -239 0 -433 -324 246 294 -74 -148 219 356 245 349 -386 -405 -304 132 142; 287 -309 -391 35 425 -90 -494 -43 490 -105 358 212 -433 0 476 155 -7 -303 -61 131 -178 -108 -410 149 -349 314 -371 317; -210 -45 333 -155 120 -231 -358 175 -364 -269 -104 76 -324 476 0 -223 303 -376 -346 -193 402 -130 -170 245 361 472 234 409; -205 -372 270 -33 288 199 410 445 499 -258 46 375 246 155 -223 0 30 -310 -460 236 187 120 -185 301 -125 -492 472 -18; -498 464 -163 -445 -246 -395 -298 414 -372 -237 -53 53 294 -7 303 30 0 440 440 -236 -329 155 -228 -12 -128 -93 500 -283; 40 105 173 365 402 304 -343 -281 140 -493 41 181 -74 -303 -376 -310 440 0 -486 -201 -168 -282 227 -416 -29 -416 88 -389; 349 416 -336 408 63 128 -377 -125 -207 398 -329 -378 -148 -61 -346 -460 440 -486 0 -282 -378 206 -239 -118 367 -338 -277 -57; 62 -86 -313 -484 -268 91 414 -304 -374 90 -457 151 219 131 -193 236 -236 -201 -282 0 419 -71 330 190 -205 13 162 49; -472 -98 -434 381 481 319 341 47 -36 278 -66 458 356 -178 402 187 -329 -168 -378 419 0 -172 -186 -473 217 202 411 -485; 73 -50 209 441 -156 -48 4 -487 -118 201 152 40 245 -108 -130 120 155 -282 206 -71 -172 0 189 -142 -407 183 -67 -177; -85 192 309 -134 -467 -377 -325 -374 -483 380 424 371 349 -410 -170 -185 -228 227 -239 330 -186 189 0 -430 -49 6 -63 -457; -469 -364 22 164 337 -288 -229 -263 453 228 459 -56 -386 149 245 301 -12 -416 -118 190 -473 -142 -430 0 13 -162 367 -24; -338 -206 -367 13 -46 414 -74 348 -5 -310 -290 -208 -405 -349 361 -125 -128 -29 367 -205 217 -407 -49 13 0 446 294 -48; -423 10 -192 274 -145 174 -3 -281 223 46 -393 -285 -304 314 472 -492 -93 -416 -338 13 202 183 6 -162 446 0 35 -485; 43 -289 343 374 -360 121 -400 391 421 -210 -273 -7 132 -371 234 472 500 88 -277 162 411 -67 -63 367 294 35 0 -433; 24 301 300 13 452 -154 427 22 -465 56 -103 -3 142 317 409 -18 -283 -389 -57 49 -485 -177 -457 -24 -48 -485 -433 0]
