n = 29
similarities = [0 416 -115 249 410 335 -58 -327 200 -181 -7 -17 -318 -207 460 -109 -299 346 218 -23 -375 192 493 -265 -175 -409 -186 -445 331; 416 0 400 324 357 -327 -104 -105 -8 248 -392 51 -367 -374 128 406 -176 37 -89 -54 177 -430 -205 -187 -319 -254 283 -87 411; -115 400 0 -152 168 152 -477 -158 -396 -258 -479 12 3 58 350 -262 -333 254 421 -342 -169 -408 307 -388 -178 -413 166 -262 320; 249 324 -152 0 -302 496 32 190 -306 -142 -390 148 -261 264 -483 -133 -474 51 -348 25 -360 -80 242 -8 253 152 349 -151 463; 410 357 168 -302 0 -375 -148 375 440 -240 320 34 368 -208 -145 247 -192 -433 -349 206 -478 -312 179 202 -382 482 121 239 -322; 335 -327 152 496 -375 0 -446 261 -322 -52 -78 -70 72 297 80 215 -266 -177 197 233 386 365 368 -149 -352 49 -261 -363 139; -58 -104 -477 32 -148 -446 0 215 232 490 258 -327 256 -495 44 -301 -367 -285 -47 -492 16 344 344 -212 190 11 433 464 -393; -327 -105 -158 190 375 261 215 0 223 -113 -296 134 124 243 -324 214 130 303 331 -439 178 218 -51 -153 -16 77 -478 377 -164; 200 -8 -396 -306 440 -322 232 223 0 163 85 166 -324 60 225 125 -349 429 205 -20 -161 -404 399 235 -470 -63 235 -487 -93; -181 248 -258 -142 -240 -52 490 -113 163 0 -90 -236 153 -53 223 401 -409 -293 -177 -261 -417 412 -433 -386 240 -355 342 235 65; -7 -392 -479 -390 320 -78 258 -296 85 -90 0 416 481 227 114 109 96 13 433 -100 281 -236 -498 -151 34 271 143 38 -275; -17 51 12 148 34 -70 -327 134 166 -236 416 0 -276 195 -180 -121 -432 -241 338 -290 227 -267 447 161 184 -382 -399 134 -331; -318 -367 3 -261 368 72 256 124 -324 153 481 -276 0 343 -410 329 103 325 -22 -33 198 -13 24 -278 308 -247 16 15 -150; -207 -374 58 264 -208 297 -495 243 60 -53 227 195 343 0 414 9 -474 88 -433 -50 429 -340 452 -391 125 -415 -204 316 311; 460 128 350 -483 -145 80 44 -324 225 223 114 -180 -410 414 0 97 93 -263 366 -221 -484 -32 -123 -367 -444 370 -6 268 -371; -109 406 -262 -133 247 215 -301 214 125 401 109 -121 329 9 97 0 299 464 -371 -331 -435 311 333 -260 -245 -117 166 163 -41; -299 -176 -333 -474 -192 -266 -367 130 -349 -409 96 -432 103 -474 93 299 0 -177 121 -170 456 -409 -104 -294 159 -445 480 48 -372; 346 37 254 51 -433 -177 -285 303 429 -293 13 -241 325 88 -263 464 -177 0 -366 316 412 157 497 -132 -71 159 -174 -284 -182; 218 -89 421 -348 -349 197 -47 331 205 -177 433 338 -22 -433 366 -371 121 -366 0 -315 -341 56 -263 -340 300 -376 482 417 -428; -23 -54 -342 25 206 233 -492 -439 -20 -261 -100 -290 -33 -50 -221 -331 -170 316 -315 0 -235 -256 254 -190 293 490 487 162 -206; -375 177 -169 -360 -478 386 16 178 -161 -417 281 227 198 429 -484 -435 456 412 -341 -235 0 110 -195 -65 -187 155 -409 60 265; 192 -430 -408 -80 -312 365 344 218 -404 412 -236 -267 -13 -340 -32 311 -409 157 56 -256 110 0 497 192 429 -204 139 493 -351; 493 -205 307 242 179 368 344 -51 399 -433 -498 447 24 452 -123 333 -104 497 -263 254 -195 497 0 -36 -392 -394 402 134 486; -265 -187 -388 -8 202 -149 -212 -153 235 -386 -151 161 -278 -391 -367 -260 -294 -132 -340 -190 -65 192 -36 0 -43 312 37 -361 -412; -175 -319 -178 253 -382 -352 190 -16 -470 240 34 184 308 125 -444 -245 159 -71 300 293 -187 429 -392 -43 0 -172 105 -406 165; -409 -254 -413 152 482 49 11 77 -63 -355 271 -382 -247 -415 370 -117 -445 159 -376 490 155 -204 -394 312 -172 0 181 -274 -25; -186 283 166 349 121 -261 433 -478 235 342 143 -399 16 -204 -6 166 480 -174 482 487 -409 139 402 37 105 181 0 5 14; -445 -87 -262 -151 239 -363 464 377 -487 235 38 134 15 316 268 163 48 -284 417 162 60 493 134 -361 -406 -274 5 0 -380; 331 411 320 463 -322 139 -393 -164 -93 65 -275 -331 -150 311 -371 -41 -372 -182 -428 -206 265 -351 486 -412 165 -25 14 -380 0]
