n = 36
similarities = [0 117 249 -497 462 373 312 -480 -137 -429 -347 -26 386 -229 322 -101 397 -254 -297 433 -136 255 465 424 54 -392 68 355 118 495 250 -301 -404 -53 431 207; 117 0 -265 -399 175 -94 367 -266 -431 111 -441 -246 431 -153 360 44 -35 126 -261 -443 124 255 99 -115 143 -276 463 -254 362 172 -128 154 -11 492 -255 182; 249 -265 0 419 -208 428 -97 192 405 -308 376 257 -334 -297 399 399 -188 -81 -149 -436 -492 -348 -401 368 375 -382 219 47 -352 -308 -65 366 -118 258 421 -40; -497 -399 419 0 403 40 444 421 -265 -376 6 321 166 431 471 236 -351 -286 267 -105 -71 -38 116 455 -488 262 -326 32 414 -261 156 -493 -308 499 246 262; 462 175 -208 403 0 73 183 393 100 460 -442 -341 366 -484 -474 189 326 61 67 -125 -290 28 -6 -65 106 -224 -349 -120 303 -332 -162 -327 360 477 460 -14; 373 -94 428 40 73 0 163 -393 -136 -26 -235 -322 -174 -355 308 -40 -199 -116 436 -475 482 36 -148 -358 -116 -409 464 -188 -72 305 -260 201 81 392 95 -305; 312 367 -97 444 183 163 0 -17 -201 220 -121 298 276 -197 95 -32 202 -426 446 305 100 -67 -383 146 -318 -66 -91 191 331 -260 -238 254 -9 336 414 -417; -480 -266 192 421 393 -393 -17 0 -82 -490 489 159 -43 -145 394 -329 -95 338 180 166 -472 -297 381 -51 -138 138 -28 336 -19 112 -357 480 -393 103 276 -452; -137 -431 405 -265 100 -136 -201 -82 0 288 -194 369 -7 -233 -226 75 431 472 332 81 -159 -187 384 351 192 481 -452 95 -38 -213 -334 -296 -204 448 -430 179; -429 111 -308 -376 460 -26 220 -490 288 0 304 -396 -267 419 334 -431 154 53 322 182 289 19 -251 33 -209 307 498 308 -50 358 266 14 -139 -235 400 177; -347 -441 376 6 -442 -235 -121 489 -194 304 0 -263 -178 81 233 -268 281 439 136 474 -89 -214 431 -459 161 -20 -484 209 -61 -43 137 440 404 -1 -8 -91; -26 -246 257 321 -341 -322 298 159 369 -396 -263 0 -177 125 124 -182 -417 -172 19 -137 129 489 243 453 -470 -251 -490 400 205 -276 -133 -232 437 62 -290 -27; 386 431 -334 166 366 -174 276 -43 -7 -267 -178 -177 0 134 -137 -455 -74 286 269 -450 -22 408 230 361 450 191 -239 -30 237 -430 158 -206 106 331 -212 -215; -229 -153 -297 431 -484 -355 -197 -145 -233 419 81 125 134 0 226 453 -281 99 -474 252 380 -95 31 313 392 302 -411 -144 70 -214 3 -135 42 305 224 -122; 322 360 399 471 -474 308 95 394 -226 334 233 124 -137 226 0 -290 59 -448 370 -467 386 -479 -463 -498 -91 18 444 379 -300 248 -277 162 183 39 77 71; -101 44 399 236 189 -40 -32 -329 75 -431 -268 -182 -455 453 -290 0 80 480 -43 -4 -215 441 -36 442 208 166 287 -29 30 53 457 435 229 -99 -239 341; 397 -35 -188 -351 326 -199 202 -95 431 154 281 -417 -74 -281 59 80 0 -202 -368 455 386 38 53 -240 404 -346 79 130 64 315 399 318 -160 205 -488 -431; -254 126 -81 -286 61 -116 -426 338 472 53 439 -172 286 99 -448 480 -202 0 -418 303 387 -95 473 412 -317 -346 -43 154 -170 -110 143 -193 286 125 -302 -427; -297 -261 -149 267 67 436 446 180 332 322 136 19 269 -474 370 -43 -368 -418 0 208 -28 206 254 -233 73 383 463 338 -138 -23 161 151 -224 347 -234 -445; 433 -443 -436 -105 -125 -475 305 166 81 182 474 -137 -450 252 -467 -4 455 303 208 0 289 -22 107 -98 408 35 394 331 191 252 232 -195 -108 -24 -57 297; -136 124 -492 -71 -290 482 100 -472 -159 289 -89 129 -22 380 386 -215 386 387 -28 289 0 309 327 189 -319 -28 -76 255 -197 391 -22 115 258 -21 392 64; 255 255 -348 -38 28 36 -67 -297 -187 19 -214 489 408 -95 -479 441 38 -95 206 -22 309 0 88 -262 210 -258 -81 -297 339 -95 -306 -113 90 -140 358 -39; 465 99 -401 116 -6 -148 -383 381 384 -251 431 243 230 31 -463 -36 53 473 254 107 327 88 0 242 145 -190 133 -233 -229 187 -187 -432 -144 -352 -252 -262; 424 -115 368 455 -65 -358 146 -51 351 33 -459 453 361 313 -498 442 -240 412 -233 -98 189 -262 242 0 422 57 -144 -457 69 255 341 -4 423 -292 162 341; 54 143 375 -488 106 -116 -318 -138 192 -209 161 -470 450 392 -91 208 404 -317 73 408 -319 210 145 422 0 493 -126 212 386 421 -311 -442 -24 -214 -357 -496; -392 -276 -382 262 -224 -409 -66 138 481 307 -20 -251 191 302 18 166 -346 -346 383 35 -28 -258 -190 57 493 0 21 468 329 397 -365 195 36 -151 398 -376; 68 463 219 -326 -349 464 -91 -28 -452 498 -484 -490 -239 -411 444 287 79 -43 463 394 -76 -81 133 -144 -126 21 0 273 93 54 175 -2 -498 -120 98 -265; 355 -254 47 32 -120 -188 191 336 95 308 209 400 -30 -144 379 -29 130 154 338 331 255 -297 -233 -457 212 468 273 0 -481 -361 455 235 123 -316 -317 249; 118 362 -352 414 303 -72 331 -19 -38 -50 -61 205 237 70 -300 30 64 -170 -138 191 -197 339 -229 69 386 329 93 -481 0 -447 257 -453 -3 -239 -368 347; 495 172 -308 -261 -332 305 -260 112 -213 358 -43 -276 -430 -214 248 53 315 -110 -23 252 391 -95 187 255 421 397 54 -361 -447 0 -71 140 56 -178 -216 201; 250 -128 -65 156 -162 -260 -238 -357 -334 266 137 -133 158 3 -277 457 399 143 161 232 -22 -306 -187 341 -311 -365 175 455 257 -71 0 408 -441 58 -155 -192; -301 154 366 -493 -327 201 254 480 -296 14 440 -232 -206 -135 162 435 318 -193 151 -195 115 -113 -432 -4 -442 195 -2 235 -453 140 408 0 -89 401 -392 412; -404 -11 -118 -308 360 81 -9 -393 -204 -139 404 437 106 42 183 229 -160 286 -224 -108 258 90 -144 423 -24 36 -498 123 -3 56 -441 -89 0 -293 20 -174; -53 492 258 499 477 392 336 103 448 -235 -1 62 331 305 39 -99 205 125 347 -24 -21 -140 -352 -292 -214 -151 -120 -316 -239 -178 58 401 -293 0 -359 -225; 431 -255 421 246 460 95 414 276 -430 400 -8 -290 -212 224 77 -239 -488 -302 -234 -57 392 358 -252 162 -357 398 98 -317 -368 -216 -155 -392 20 -359 0 -152; 207 182 -40 262 -14 -305 -417 -452 179 177 -91 -27 -215 -122 71 341 -431 -427 -445 297 64 -39 -262 341 -496 -376 -265 249 347 201 -192 412 -174 -225 -152 0]
