n = 39
similarities = [0 413 -342 -454 231 165 372 -263 -220 -467 175 490 356 367 -67 -123 214 411 425 73 -272 -31 55 -435 -357 -175 -301 -459 369 -366 456 337 -382 -465 142 -3 -212 252 57; 413 0 367 -432 -140 180 -267 -475 -220 -146 -106 195 374 -65 315 -238 -63 169 491 187 -269 -93 -351 495 -96 378 6 -176 481 -65 457 91 109 301 306 -126 -340 -138 -210; -342 367 0 435 160 473 -389 -277 -371 114 333 77 -431 -157 -456 -262 -167 497 324 289 -200 -53 -25 -281 -450 -442 -231 402 43 -55 -442 -127 282 193 -430 -275 278 -471 -315; -454 -432 435 0 -453 427 -355 59 -366 -250 -407 -121 -120 441 138 348 375 213 -38 40 -333 84 -261 -367 -59 88 -158 -97 146 164 -85 -448 -172 -323 293 -423 -417 326 -53; 231 -140 160 -453 0 148 148 -297 -452 -346 315 -43 -461 229 150 382 389 -332 67 -2 -410 210 499 135 160 -266 -418 -238 -447 -350 139 329 -456 -360 299 32 69 179 -53; 165 180 473 427 148 0 -322 -179 -317 273 448 -350 -429 72 144 272 -475 137 -149 447 313 421 -240 -417 9 35 -191 -127 42 267 -199 -484 -92 -235 -134 218 -215 -145 -269; 372 -267 -389 -355 148 -322 0 -144 -281 483 423 153 226 -156 -257 485 -202 19 445 337 -328 -74 421 -371 -74 170 -175 194 -354 -136 354 118 -281 474 37 -305 -481 36 -377; -263 -475 -277 59 -297 -179 -144 0 -40 183 -378 -81 -97 460 -350 326 -263 55 -141 244 86 146 -123 -63 491 -205 -386 66 226 38 -237 -253 -72 185 -100 -306 -254 189 184; -220 -220 -371 -366 -452 -317 -281 -40 0 331 -434 -239 -337 188 467 -260 50 -12 -305 -18 -366 -428 -266 -46 -442 -16 330 -348 145 -226 308 -223 110 -49 306 -50 101 -261 -134; -467 -146 114 -250 -346 273 483 183 331 0 -416 18 130 -261 -402 -125 41 190 -286 447 489 106 -374 -70 83 -136 254 432 489 -385 248 -473 122 -169 186 189 124 -379 202; 175 -106 333 -407 315 448 423 -378 -434 -416 0 354 -261 -73 -194 262 -21 -210 -190 -17 -332 -61 287 -441 -396 348 77 -196 489 -350 82 -294 438 -331 376 -364 415 -337 413; 490 195 77 -121 -43 -350 153 -81 -239 18 354 0 229 61 9 281 -336 431 237 -64 -433 417 -69 -423 -271 -44 -188 -302 218 -13 -482 114 -61 -163 70 -133 307 -480 33; 356 374 -431 -120 -461 -429 226 -97 -337 130 -261 229 0 413 220 406 -77 -251 -299 -483 -169 -320 461 126 345 -216 386 490 -34 270 -298 -133 -378 207 -237 -266 -95 230 -180; 367 -65 -157 441 229 72 -156 460 188 -261 -73 61 413 0 421 -40 -123 -491 -391 491 113 -340 -49 -380 420 318 30 310 -128 -261 -165 42 -330 186 217 195 199 -326 -66; -67 315 -456 138 150 144 -257 -350 467 -402 -194 9 220 421 0 -151 -346 444 -11 -67 -232 -109 -260 -40 35 -406 14 -316 -273 417 328 -55 58 22 -324 -462 -130 -83 369; -123 -238 -262 348 382 272 485 326 -260 -125 262 281 406 -40 -151 0 47 -318 197 258 -151 -306 368 409 450 -442 276 302 346 -221 -44 -111 -411 -66 30 261 -314 -148 -469; 214 -63 -167 375 389 -475 -202 -263 50 41 -21 -336 -77 -123 -346 47 0 235 -22 150 59 -349 -435 -269 153 -119 32 330 -141 216 -347 -273 246 332 165 198 -302 168 -151; 411 169 497 213 -332 137 19 55 -12 190 -210 431 -251 -491 444 -318 235 0 -314 95 -432 49 376 -55 25 -280 -285 -268 -308 -24 -487 -94 -345 278 -398 203 207 -486 -376; 425 491 324 -38 67 -149 445 -141 -305 -286 -190 237 -299 -391 -11 197 -22 -314 0 -456 -89 -26 144 -431 -334 -131 406 -82 197 335 -201 50 -357 244 -326 240 -382 -401 55; 73 187 289 40 -2 447 337 244 -18 447 -17 -64 -483 491 -67 258 150 95 -456 0 206 483 223 -399 -411 -251 460 1 -285 103 256 -235 -73 41 394 39 -197 -405 -2; -272 -269 -200 -333 -410 313 -328 86 -366 489 -332 -433 -169 113 -232 -151 59 -432 -89 206 0 -38 465 -264 -79 125 -225 310 12 157 448 237 392 91 -427 9 484 -159 -375; -31 -93 -53 84 210 421 -74 146 -428 106 -61 417 -320 -340 -109 -306 -349 49 -26 483 -38 0 -95 112 -154 477 283 462 -38 225 116 208 219 -214 288 -236 -427 219 389; 55 -351 -25 -261 499 -240 421 -123 -266 -374 287 -69 461 -49 -260 368 -435 376 144 223 465 -95 0 109 -202 -196 -116 -389 -441 -491 -57 -39 59 -130 -5 -434 -49 245 342; -435 495 -281 -367 135 -417 -371 -63 -46 -70 -441 -423 126 -380 -40 409 -269 -55 -431 -399 -264 112 109 0 470 75 229 -273 -87 107 -5 94 490 -45 299 -272 32 68 -275; -357 -96 -450 -59 160 9 -74 491 -442 83 -396 -271 345 420 35 450 153 25 -334 -411 -79 -154 -202 470 0 270 -253 331 -455 -290 329 63 229 -287 45 32 -196 -50 361; -175 378 -442 88 -266 35 170 -205 -16 -136 348 -44 -216 318 -406 -442 -119 -280 -131 -251 125 477 -196 75 270 0 48 -279 11 -278 380 -267 -347 245 415 333 -37 -218 -48; -301 6 -231 -158 -418 -191 -175 -386 330 254 77 -188 386 30 14 276 32 -285 406 460 -225 283 -116 229 -253 48 0 -409 -452 353 -222 -335 500 426 -321 -389 372 -370 -432; -459 -176 402 -97 -238 -127 194 66 -348 432 -196 -302 490 310 -316 302 330 -268 -82 1 310 462 -389 -273 331 -279 -409 0 39 244 220 -235 168 37 -382 -113 -148 61 -358; 369 481 43 146 -447 42 -354 226 145 489 489 218 -34 -128 -273 346 -141 -308 197 -285 12 -38 -441 -87 -455 11 -452 39 0 -96 495 -289 480 -192 -85 231 462 -158 -124; -366 -65 -55 164 -350 267 -136 38 -226 -385 -350 -13 270 -261 417 -221 216 -24 335 103 157 225 -491 107 -290 -278 353 244 -96 0 -340 -84 465 -67 -305 487 203 258 -35; 456 457 -442 -85 139 -199 354 -237 308 248 82 -482 -298 -165 328 -44 -347 -487 -201 256 448 116 -57 -5 329 380 -222 220 495 -340 0 427 306 172 382 -187 -146 134 253; 337 91 -127 -448 329 -484 118 -253 -223 -473 -294 114 -133 42 -55 -111 -273 -94 50 -235 237 208 -39 94 63 -267 -335 -235 -289 -84 427 0 474 60 -100 183 -252 452 -439; -382 109 282 -172 -456 -92 -281 -72 110 122 438 -61 -378 -330 58 -411 246 -345 -357 -73 392 219 59 490 229 -347 500 168 480 465 306 474 0 406 83 -8 30 -53 416; -465 301 193 -323 -360 -235 474 185 -49 -169 -331 -163 207 186 22 -66 332 278 244 41 91 -214 -130 -45 -287 245 426 37 -192 -67 172 60 406 0 -319 -445 -221 223 -30; 142 306 -430 293 299 -134 37 -100 306 186 376 70 -237 217 -324 30 165 -398 -326 394 -427 288 -5 299 45 415 -321 -382 -85 -305 382 -100 83 -319 0 406 77 481 92; -3 -126 -275 -423 32 218 -305 -306 -50 189 -364 -133 -266 195 -462 261 198 203 240 39 9 -236 -434 -272 32 333 -389 -113 231 487 -187 183 -8 -445 406 0 359 -410 -37; -212 -340 278 -417 69 -215 -481 -254 101 124 415 307 -95 199 -130 -314 -302 207 -382 -197 484 -427 -49 32 -196 -37 372 -148 462 203 -146 -252 30 -221 77 359 0 262 293; 252 -138 -471 326 179 -145 36 189 -261 -379 -337 -480 230 -326 -83 -148 168 -486 -401 -405 -159 219 245 68 -50 -218 -370 61 -158 258 134 452 -53 223 481 -410 262 0 -161; 57 -210 -315 -53 -53 -269 -377 184 -134 202 413 33 -180 -66 369 -469 -151 -376 55 -2 -375 389 342 -275 361 -48 -432 -358 -124 -35 253 -439 416 -30 92 -37 293 -161 0]
