n = 24
similarities = [0 -104 -115 304 -43 -329 301 466 -75 308 449 -324 172 -203 -329 394 -281 -259 -82 72 -381 22 -33 -39; -104 0 -245 326 470 -140 -81 419 17 422 -13 1 313 57 -335 -223 -413 149 -10 -305 -263 109 106 -89; -115 -245 0 266 -7 -485 231 6 -185 107 -425 -90 352 -348 -389 270 -475 -284 -153 -256 -458 325 279 -379; 304 326 266 0 488 426 248 -298 -471 235 -320 -72 145 -228 -327 60 -338 481 328 -118 -223 -401 -92 315; -43 470 -7 488 0 -217 452 29 -122 339 66 223 -365 44 -491 118 -72 -456 -250 401 -374 63 299 -81; -329 -140 -485 426 -217 0 372 80 -302 -125 46 -222 -57 47 180 -58 -130 -197 381 -444 -62 -70 326 -408; 301 -81 231 248 452 372 0 -93 -91 -326 339 -371 471 216 -426 -88 372 -332 437 -441 9 429 -75 428; 466 419 6 -298 29 80 -93 0 -64 -289 98 472 -473 355 -151 476 117 -273 484 398 435 359 483 217; -75 17 -185 -471 -122 -302 -91 -64 0 -389 442 -307 -229 -345 -189 37 -285 -287 325 -62 413 355 53 127; 308 422 107 235 339 -125 -326 -289 -389 0 -321 -97 -310 175 -398 56 404 188 -251 110 -359 440 -238 262; 449 -13 -425 -320 66 46 339 98 442 -321 0 480 340 234 -370 -132 253 461 -228 438 -278 468 -421 -403; -324 1 -90 -72 223 -222 -371 472 -307 -97 480 0 464 138 -131 -193 -162 335 423 -453 -172 194 452 55; 172 313 352 145 -365 -57 471 -473 -229 -310 340 464 0 382 -477 -378 -187 269 215 336 451 37 74 -440; -203 57 -348 -228 44 47 216 355 -345 175 234 138 382 0 36 307 -382 -97 57 236 373 -119 -168 -222; -329 -335 -389 -327 -491 180 -426 -151 -189 -398 -370 -131 -477 36 0 213 486 261 458 -77 39 140 -303 21; 394 -223 270 60 118 -58 -88 476 37 56 -132 -193 -378 307 213 0 -159 270 396 -362 -139 -336 227 25; -281 -413 -475 -338 -72 -130 372 117 -285 404 253 -162 -187 -382 486 -159 0 -397 197 451 -150 348 -258 -241; -259 149 -284 481 -456 -197 -332 -273 -287 188 461 335 269 -97 261 270 -397 0 -67 -168 -319 -254 325 -406; -82 -10 -153 328 -250 381 437 484 325 -251 -228 423 215 57 458 396 197 -67 0 -427 -183 -110 -422 -236; 72 -305 -256 -118 401 -444 -441 398 -62 110 438 -453 336 236 -77 -362 451 -168 -427 0 -185 21 35 -252; -381 -263 -458 -223 -374 -62 9 435 413 -359 -278 -172 451 373 39 -139 -150 -319 -183 -185 0 302 -190 -490; 22 109 325 -401 63 -70 429 359 355 440 468 194 37 -119 140 -336 348 -254 -110 21 302 0 -10 330; -33 106 279 -92 299 326 -75 483 53 -238 -421 452 74 -168 -303 227 -258 325 -422 35 -190 -10 0 246; -39 -89 -379 315 -81 -408 428 217 127 262 -403 55 -440 -222 21 25 -241 -406 -236 -252 -490 330 246 0]
