n = 32
similarities = [0 136 341 263 -353 -306 -90 189 -474 -87 359 -320 466 -324 -190 239 -331 468 -43 -340 282 473 245 -470 168 420 389 463 -260 -258 155 -462; 136 0 -410 -422 493 -288 105 485 -467 -109 351 -6 424 482 -237 155 -273 177 -371 -314 417 407 -222 -315 -43 247 -432 -434 474 311 -241 107; 341 -410 0 223 -6 -159 227 269 -26 -445 168 314 -421 -400 396 -428 -235 -214 -17 -104 -337 -43 50 -198 305 -446 254 -231 181 -400 380 -74; 263 -422 223 0 -437 -320 -396 141 -457 399 143 398 -375 -88 -219 -141 -108 -219 258 -74 -207 20 -334 -271 -470 70 -59 -192 378 75 -233 227; -353 493 -6 -437 0 242 339 76 418 -206 -103 -361 -447 139 135 -241 -273 453 -354 -76 61 302 277 280 138 249 -165 -375 349 -334 302 -483; -306 -288 -159 -320 242 0 -96 -479 290 223 387 450 12 322 -350 437 -104 -480 499 355 268 46 218 -132 121 -473 113 312 -56 338 -399 488; -90 105 227 -396 339 -96 0 -367 -370 151 -142 204 69 87 130 154 175 -278 467 -256 -63 228 281 348 308 70 310 -475 -500 -283 -395 -494; 189 485 269 141 76 -479 -367 0 -97 214 6 -331 496 -82 -279 -94 -296 165 -291 68 357 465 342 175 -359 -10 -122 -31 244 167 89 142; -474 -467 -26 -457 418 290 -370 -97 0 -5 418 -372 215 -314 10 435 -328 462 63 -356 -467 -499 450 -220 79 200 440 -389 -492 -67 323 274; -87 -109 -445 399 -206 223 151 214 -5 0 -93 -78 -282 -180 -359 -226 245 -38 -84 -129 93 -214 -239 -365 -395 141 359 -131 136 188 185 446; 359 351 168 143 -103 387 -142 6 418 -93 0 210 -395 160 392 -51 -372 131 -240 -143 140 -79 -456 156 -472 294 26 -309 -433 332 -163 -368; -320 -6 314 398 -361 450 204 -331 -372 -78 210 0 306 -215 224 344 493 -248 352 177 45 436 -195 -84 480 334 256 143 195 299 -64 120; 466 424 -421 -375 -447 12 69 496 215 -282 -395 306 0 59 115 -320 -15 364 204 74 -477 -217 82 139 -468 345 358 411 195 -315 478 408; -324 482 -400 -88 139 322 87 -82 -314 -180 160 -215 59 0 -495 408 414 404 -242 468 326 479 65 313 -483 479 -291 -330 -500 -282 -284 158; -190 -237 396 -219 135 -350 130 -279 10 -359 392 224 115 -495 0 118 -362 -86 175 -179 272 -326 -475 218 151 -328 -313 -402 134 289 -294 220; 239 155 -428 -141 -241 437 154 -94 435 -226 -51 344 -320 408 118 0 174 402 -157 -302 337 -239 -5 -110 -356 -476 294 -124 224 -196 -365 -202; -331 -273 -235 -108 -273 -104 175 -296 -328 245 -372 493 -15 414 -362 174 0 429 -467 -393 -236 320 79 -499 -313 -47 -315 352 213 103 133 -332; 468 177 -214 -219 453 -480 -278 165 462 -38 131 -248 364 404 -86 402 429 0 216 -361 -28 -168 37 201 101 -365 -200 -63 -17 -348 173 207; -43 -371 -17 258 -354 499 467 -291 63 -84 -240 352 204 -242 175 -157 -467 216 0 200 -428 -193 -377 140 -359 -166 377 -195 -380 -112 -388 297; -340 -314 -104 -74 -76 355 -256 68 -356 -129 -143 177 74 468 -179 -302 -393 -361 200 0 397 206 -17 -388 481 -143 38 -481 -310 -76 -333 -309; 282 417 -337 -207 61 268 -63 357 -467 93 140 45 -477 326 272 337 -236 -28 -428 397 0 -455 -180 42 105 156 -378 76 43 -271 162 -499; 473 407 -43 20 302 46 228 465 -499 -214 -79 436 -217 479 -326 -239 320 -168 -193 206 -455 0 -237 -238 -176 -128 314 -351 252 148 -103 450; 245 -222 50 -334 277 218 281 342 450 -239 -456 -195 82 65 -475 -5 79 37 -377 -17 -180 -237 0 -203 239 108 -249 413 119 -421 357 -443; -470 -315 -198 -271 280 -132 348 175 -220 -365 156 -84 139 313 218 -110 -499 201 140 -388 42 -238 -203 0 128 407 354 264 347 -168 119 470; 168 -43 305 -470 138 121 308 -359 79 -395 -472 480 -468 -483 151 -356 -313 101 -359 481 105 -176 239 128 0 487 -27 -225 -311 481 -133 241; 420 247 -446 70 249 -473 70 -10 200 141 294 334 345 479 -328 -476 -47 -365 -166 -143 156 -128 108 407 487 0 -448 360 376 409 -58 149; 389 -432 254 -59 -165 113 310 -122 440 359 26 256 358 -291 -313 294 -315 -200 377 38 -378 314 -249 354 -27 -448 0 -259 234 -411 18 453; 463 -434 -231 -192 -375 312 -475 -31 -389 -131 -309 143 411 -330 -402 -124 352 -63 -195 -481 76 -351 413 264 -225 360 -259 0 -383 251 -157 139; -260 474 181 378 349 -56 -500 244 -492 136 -433 195 195 -500 134 224 213 -17 -380 -310 43 252 119 347 -311 376 234 -383 0 -95 313 -298; -258 311 -400 75 -334 338 -283 167 -67 188 332 299 -315 -282 289 -196 103 -348 -112 -76 -271 148 -421 -168 481 409 -411 251 -95 0 13 327; 155 -241 380 -233 302 -399 -395 89 323 185 -163 -64 478 -284 -294 -365 133 173 -388 -333 162 -103 357 119 -133 -58 18 -157 313 13 0 293; -462 107 -74 227 -483 488 -494 142 274 446 -368 120 408 158 220 -202 -332 207 297 -309 -499 450 -443 470 241 149 453 139 -298 327 293 0]
